Ping 1 at 1/8/2014 1:23:49 PM
8
8
8
4
9
7
9
11
8
8
8
8
8
7
7
8
8
7
8
8
7
7
8
8
8
8
8
8
7
7
7
8
8
8
8
8
8
8
7
7
8
8
8
8
7
8
8
7
7
8
8
8
8
8
8
8
8
8
10
8
8
8
7
7
8
11
19
9
8
8
8
8
8
8
8
14
16
10
12
13
11
35
22
8
13
11
8
8
15
16
8
10
29
9
8
9
9
8
9
9
11
8
8
11
13
8
8
35
19
23
22
11
14
216
1486
1710
1789
1840
1782
1529
1797
1781
1787
1797
1722
983
217
470
723
594
472
381
108
368
276
270
472
198
237
227
532
309
112
178
78
183
355
295
80
35
102
118
203
196
244
497
426
220
186
170
143
80
93
96
188
168
104
34
19
74
132
124
65
46
50
39
12
51
95
48
28
20
9
20
17
13
50
97
18
56
32
31
21
46
22
16
9
37
79
100
56
78
60
93
101
194
125
23
23
77
87
30
31
47
55
27
13
9
29
12
54
12
38
56
119
59
150
70
20
32
37
87
38
113
62
62
88
125
347
103
207
177
576
368
466
342
155
76
129
102
276
307
52
130
49
171
55
81
247
256
275
114
45
99
75
56
29
47
58
8
101
197
158
226
324
181
13
111
152
94
72
36
40
61
148
61
31
46
71
11
53
79
31
25
73
72
24
42
33
49
103
80
73
111
112
17
15
30
72
36
29
126
122
73
60
134
88
41
122
94
99
179
112
45
50
18
30
73
124
101
30
91
55
9
16
42
70
103
95
194
118
44
62
17
27
49
13
52
80
40
35
101
62
11
35
82
64
143
32
97
88
75
24
97
66
19
27
38
49
93
21
29
95
68
105
113
58
8
16
19
40
77
49
17
20
16
13
15
18
44
19
51
30
47
25
34
23
16
25
36
33
17
31
22
13
26
9
21
33
25
20
18
22
16
9
13
21
28
41
59
20
9
9
Ping 2 at 1/8/2014 1:23:54 PM
8
8
7
4
9
6
8
9
8
8
8
8
7
8
8
7
7
8
8
8
7
11
13
8
8
8
8
7
8
8
7
7
7
7
8
8
7
7
8
7
8
8
8
7
8
8
8
7
8
7
7
7
8
8
8
8
8
8
8
8
8
8
8
8
8
8
8
8
8
8
16
25
12
37
47
17
8
8
8
9
12
8
8
8
8
8
8
8
8
9
8
8
16
10
8
8
9
9
8
9
8
8
12
9
8
11
9
9
8
9
13
8
16
232
739
1708
1876
1835
1100
1350
989
1681
1772
1650
1726
1123
816
992
977
758
557
737
648
71
37
190
78
86
166
584
769
572
686
609
259
155
178
189
70
38
39
74
52
232
283
218
119
142
210
78
99
231
116
54
30
129
151
82
56
95
121
139
115
98
102
33
18
61
56
90
77
63
31
10
54
30
14
106
92
70
21
12
28
9
25
10
30
38
47
23
38
22
16
16
30
59
20
156
145
68
40
14
12
9
9
11
9
16
9
14
11
10
23
14
14
31
12
64
39
12
50
33
15
10
9
10
30
11
32
86
171
523
374
88
240
30
389
238
243
151
107
97
89
109
189
43
19
60
12
12
18
36
83
63
37
52
51
86
57
23
11
48
38
46
24
8
10
11
12
12
10
8
12
37
23
18
10
16
17
10
16
35
30
10
15
9
14
10
8
10
8
11
9
17
9
8
8
9
10
12
10
9
8
8
8
8
9
9
16
11
22
10
9
8
9
9
8
12
10
21
11
9
9
10
14
11
14
9
8
10
10
9
9
8
9
14
9
11
15
10
9
9
8
8
9
8
8
8
10
9
14
8
8
9
17
38
16
26
24
26
15
11
12
14
8
18
15
23
15
10
17
21
10
16
9
13
14
8
12
12
9
8
9
9
8
12
9
9
9
9
11
10
8
8
10
9
8
8
8
8
9
9
10
8
10
10
11
9
13
9
8
9
14
Ping 3 at 1/8/2014 1:23:59 PM
8
8
8
5
9
6
8
8
8
8
8
7
7
8
7
7
7
7
8
8
7
7
8
7
7
7
7
7
7
8
8
8
8
8
8
7
8
8
7
7
8
8
8
8
8
7
8
8
8
8
8
7
7
8
8
8
8
8
8
8
8
15
9
8
8
8
13
19
20
50
49
98
29
37
22
9
8
8
21
21
33
29
11
29
35
45
53
49
19
26
8
8
9
32
9
9
50
26
40
79
27
31
43
13
9
31
9
24
28
23
16
15
23
124
1317
1759
1879
1834
1638
1725
1632
1838
1833
486
1652
1730
937
786
467
499
651
303
607
730
487
300
880
821
380
147
47
136
129
232
282
283
470
372
286
330
361
317
113
133
399
426
154
66
174
219
213
49
145
88
109
277
145
82
111
125
53
18
93
28
62
139
210
70
83
124
65
11
57
54
21
109
104
11
23
48
62
16
66
82
83
51
44
103
108
75
62
33
66
70
101
44
38
16
18
43
57
54
37
31
42
108
181
131
30
23
47
63
35
67
136
75
41
41
46
121
71
29
82
43
18
16
30
86
187
383
703
577
460
96
161
57
234
98
63
99
102
103
9
23
56
100
74
31
31
54
39
43
58
20
54
79
14
9
31
53
43
89
51
11
21
17
12
25
29
73
27
9
10
31
48
27
37
27
8
30
56
15
9
8
10
18
8
11
12
17
16
15
14
9
11
8
16
19
20
32
10
8
9
12
47
26
35
38
15
16
9
11
17
13
14
25
45
20
9
12
18
12
10
10
18
16
19
13
8
11
11
12
10
10
15
10
9
11
8
9
13
9
10
22
15
16
13
16
22
11
18
8
10
29
15
22
9
10
14
25
23
11
23
10
8
10
13
11
17
18
20
8
14
11
11
10
8
11
9
14
8
13
13
9
14
9
8
9
10
8
12
9
9
10
12
11
15
8
10
8
8
8
8
13
9
13
10
10
11
12
12
15
12
Ping 4 at 1/8/2014 1:24:03 PM
8
8
8
4
9
7
9
9
8
8
8
7
8
8
7
7
8
8
8
8
8
8
8
7
7
8
7
7
8
7
7
7
7
8
8
7
8
8
8
8
8
8
8
8
8
7
7
7
7
7
8
8
8
8
13
17
13
8
8
8
8
8
8
8
8
8
16
25
27
12
8
13
8
8
8
8
8
8
8
8
8
8
8
8
8
9
10
9
9
8
8
10
13
9
13
9
8
8
8
9
67
59
13
9
8
9
9
13
14
10
12
10
11
11
290
1637
1773
1725
1712
1396
1669
1500
1583
513
897
1505
459
1228
1445
1011
1017
358
315
309
285
627
537
172
157
271
333
186
105
205
351
189
225
211
109
370
447
284
267
98
22
61
130
200
57
16
57
67
32
25
17
72
59
9
25
17
19
67
126
59
131
206
67
9
11
18
19
15
43
52
11
23
30
51
77
22
10
22
20
39
47
70
93
88
83
44
12
40
20
14
16
12
27
9
11
20
15
33
36
15
26
9
15
11
23
30
12
10
21
12
36
30
12
9
9
8
9
11
14
16
42
31
16
87
93
263
249
268
250
283
53
186
358
232
61
86
16
85
48
97
86
44
82
126
48
48
60
82
52
23
27
58
50
19
27
9
8
9
11
11
9
9
23
10
9
30
17
15
11
27
29
13
10
8
9
8
9
14
10
14
9
9
9
11
8
12
9
9
10
13
18
8
9
9
11
9
9
8
11
11
11
8
11
9
9
10
10
8
11
8
8
8
8
8
13
8
8
8
10
9
11
11
11
9
12
9
10
12
8
8
9
9
9
8
12
9
8
10
9
13
13
9
8
10
9
14
8
9
8
9
9
9
10
8
9
11
8
9
9
15
13
10
11
10
8
12
10
10
9
9
8
8
9
8
9
9
12
8
10
9
9
9
8
9
11
13
8
9
8
9
8
9
10
10
8
9
8
12
8
10
8
9
9
9
11
11
8
8
9
Ping 5 at 1/8/2014 1:24:08 PM
10
8
8
4
9
6
11
13
8
8
8
8
8
8
8
8
8
8
7
7
7
7
7
7
7
7
7
8
7
7
8
7
8
8
7
8
7
8
8
8
8
8
8
8
9
8
8
8
8
8
8
8
8
8
8
8
8
8
8
8
8
8
8
8
10
28
8
8
8
8
12
17
8
8
17
9
10
25
47
56
70
54
18
28
26
20
20
11
15
19
8
30
8
9
19
41
39
44
20
9
12
35
29
27
38
17
27
32
48
48
11
25
14
36
730
1667
1823
1835
1885
1822
1473
1479
1605
836
1218
1376
593
513
565
461
179
384
435
855
551
134
32
166
615
567
435
436
259
247
368
247
202
425
106
117
83
504
487
105
177
332
146
19
88
306
330
283
79
123
50
100
122
54
158
231
148
104
15
44
115
129
85
145
187
65
100
47
28
56
59
70
72
12
36
178
210
151
35
16
44
57
98
102
26
117
38
28
31
89
75
30
14
16
69
17
17
15
131
202
43
50
55
9
45
34
90
156
156
108
87
72
139
48
40
78
42
22
84
43
19
13
36
67
192
38
293
330
159
286
476
183
131
343
511
274
141
178
139
251
159
144
103
126
152
211
213
223
103
73
83
75
42
86
109
220
67
51
39
62
31
61
71
61
52
47
95
136
57
80
93
83
102
55
19
20
34
38
28
17
16
14
37
23
15
16
38
32
30
12
27
26
46
43
47
31
28
17
44
84
46
19
38
27
20
13
9
9
13
32
41
22
21
27
12
26
44
36
16
20
45
29
43
83
32
10
8
9
11
12
9
16
11
11
13
14
16
35
51
70
36
79
95
116
65
37
58
26
83
41
57
37
31
57
34
35
26
38
18
32
20
28
30
23
43
22
36
25
29
16
18
11
25
39
19
10
21
22
19
12
15
21
36
11
31
49
13
35
29
9
8
9
9
22
24
14
10
10
13
9
8
9
11
9
9
8
9
13
16
Ping 6 at 1/8/2014 1:24:13 PM
8
8
8
4
9
6
8
9
8
8
8
8
8
11
8
8
8
8
8
8
7
8
8
8
8
7
7
8
7
7
7
8
8
8
7
7
8
8
10
8
8
8
8
8
8
8
8
8
8
8
8
8
8
8
8
8
9
8
8
8
8
7
8
8
8
8
19
22
20
13
9
8
8
8
8
8
8
8
8
8
8
8
8
10
8
8
8
8
8
8
15
25
9
8
8
8
9
9
9
8
9
9
13
9
10
9
8
8
11
9
9
9
8
37
1698
1840
1867
1828
1430
1684
1243
1244
1303
1049
1027
511
218
158
85
341
514
470
312
227
105
326
241
143
175
69
167
316
281
431
425
236
209
340
339
286
151
210
222
138
54
98
266
205
148
69
63
53
13
58
24
25
13
59
21
71
21
28
10
79
76
40
55
37
59
113
101
79
80
54
39
29
37
22
14
10
10
35
13
15
8
21
36
44
16
24
14
19
32
15
37
58
44
41
18
11
39
44
10
8
20
12
11
12
10
18
11
8
9
9
12
13
15
12
14
9
17
28
10
9
9
13
13
23
206
219
277
267
583
570
142
340
345
149
104
85
101
57
169
82
30
17
84
83
40
26
25
21
117
93
31
35
36
23
27
18
10
10
27
12
8
24
51
34
15
15
27
13
12
10
9
16
20
17
16
9
9
9
9
9
9
9
8
8
9
10
11
15
9
9
12
12
20
8
9
9
9
11
8
8
8
8
10
12
11
9
19
8
8
11
9
8
8
8
9
10
13
8
8
10
9
10
8
9
8
9
13
11
8
9
10
10
11
8
9
9
8
8
10
8
15
15
36
29
46
67
95
135
134
120
61
31
52
91
59
89
44
15
11
10
13
8
9
105
81
95
81
21
17
15
17
24
27
47
38
104
78
70
59
69
119
187
181
110
74
157
151
203
231
267
176
79
12
67
116
68
28
112
89
18
12
51
64
10
62
90
97
48
97
Ping 7 at 1/8/2014 1:24:18 PM
8
8
8
4
9
7
8
8
9
9
8
8
26
16
10
15
9
8
8
8
8
8
7
8
8
8
7
7
9
8
8
8
8
7
8
8
17
13
8
8
8
13
8
8
8
18
10
8
8
9
16
10
9
13
45
16
38
33
100
79
40
13
10
18
46
11
23
10
25
30
8
8
8
14
8
17
30
26
12
8
14
41
27
42
34
9
11
9
28
54
31
10
10
18
11
26
11
8
12
14
9
18
50
25
9
9
18
38
23
10
11
20
9
26
1581
1835
1804
1820
1899
1795
1781
1654
420
331
346
953
1573
1311
296
354
177
230
648
561
62
178
438
266
202
534
265
208
262
238
237
246
125
238
98
133
115
128
383
384
160
30
13
185
238
120
52
102
136
162
235
170
120
202
226
36
16
67
148
59
59
90
68
42
61
44
21
10
34
48
62
30
9
29
45
71
93
65
34
46
23
28
19
12
36
15
16
48
24
38
48
17
15
16
15
14
25
12
30
37
17
9
10
23
8
12
33
15
11
9
25
8
19
12
8
19
50
14
21
8
9
12
13
93
94
58
217
184
50
207
238
21
39
145
179
216
103
145
104
35
105
60
294
130
17
59
29
9
33
50
9
38
29
67
65
32
13
44
49
9
17
33
11
15
18
36
21
24
21
11
9
38
32
9
18
12
9
14
15
20
15
14
17
23
23
15
15
16
13
15
8
8
9
9
10
9
12
8
9
10
11
8
8
9
10
15
11
9
31
14
10
12
9
8
26
13
9
12
9
13
8
8
9
8
9
8
9
9
8
11
11
8
8
12
11
15
15
24
8
13
9
10
11
13
12
9
11
9
10
11
10
11
12
15
9
13
18
22
8
8
9
16
16
25
10
8
9
9
13
9
15
14
11
9
9
8
8
8
10
10
10
9
11
8
10
8
8
13
8
9
8
11
9
8
8
9
8
9
11
9
8
11
11
9
8
11
9
8
8
Ping 8 at 1/8/2014 1:24:22 PM
8
7
8
5
9
6
8
8
8
9
8
20
22
8
8
8
8
8
8
8
7
7
8
8
8
8
9
9
8
8
10
9
8
8
8
8
8
8
8
8
8
8
8
8
7
8
9
8
8
8
15
50
17
20
9
76
106
18
8
9
14
8
26
20
9
8
12
8
8
8
8
9
11
9
13
8
8
8
8
8
18
15
8
8
8
8
9
9
9
17
31
35
13
12
10
13
9
9
9
8
8
8
13
9
10
11
8
15
10
9
27
25
8
459
1673
1770
1871
1800
1181
519
1439
1793
1776
1004
216
443
497
358
736
207
199
185
499
341
110
64
118
266
447
835
562
396
304
100
50
184
468
463
475
486
211
134
21
76
45
40
102
226
42
197
400
231
154
194
370
337
216
224
250
201
129
25
132
244
181
231
135
66
70
105
130
69
106
277
250
238
344
271
187
106
47
70
176
33
42
77
65
94
78
13
38
17
111
107
35
58
106
104
40
127
38
68
30
24
45
39
149
122
24
13
23
21
22
58
23
15
9
23
41
62
103
10
15
124
40
35
54
125
64
178
131
25
266
258
112
271
448
426
103
115
105
69
136
185
67
135
106
68
139
60
110
182
211
113
91
25
64
98
116
40
86
81
57
73
68
58
40
101
26
39
46
10
31
29
18
15
13
9
9
11
29
80
57
53
9
19
19
23
58
34
16
28
95
68
42
41
26
19
17
8
12
10
34
25
10
11
12
11
10
30
27
26
11
15
30
50
20
9
12
9
13
23
12
19
25
14
20
18
44
61
10
12
13
17
10
16
43
19
9
9
19
10
13
15
9
9
9
14
11
8
10
12
9
8
15
36
9
21
71
34
17
10
13
11
35
17
30
32
32
10
9
9
11
23
51
56
14
21
14
20
11
10
17
21
28
20
16
9
13
26
11
10
10
28
14
9
10
10
17
17
13
12
15
9
9
9
10
19
27
32
14
9
8
Ping 9 at 1/8/2014 1:24:27 PM
90
20
8
5
9
7
8
8
8
8
8
8
8
9
81
109
89
96
24
12
22
31
9
8
8
8
7
7
8
8
8
8
8
7
8
8
8
8
7
8
8
8
7
8
11
12
8
24
12
8
8
8
8
8
8
8
8
8
9
8
8
8
8
8
8
8
8
9
8
8
8
8
8
8
8
8
8
8
8
8
8
8
8
12
8
9
8
8
8
9
9
8
8
8
9
9
9
9
10
9
28
36
10
11
8
8
8
10
19
20
12
12
71
1221
1818
1902
1529
1808
1862
1696
1717
1656
847
1012
1235
478
931
652
425
521
185
734
548
331
359
252
579
440
224
193
499
469
143
206
151
36
144
171
148
128
181
258
32
41
25
88
65
75
47
50
82
13
27
53
50
67
118
55
11
78
104
93
100
71
15
11
11
46
51
50
16
17
31
14
24
70
72
51
14
24
13
44
67
12
28
13
14
9
13
13
22
10
62
32
47
67
45
47
13
15
9
23
36
10
10
12
8
9
20
18
50
19
9
16
20
49
18
13
31
44
29
11
13
17
11
78
70
32
240
342
88
135
94
341
393
212
100
96
39
96
196
81
12
77
79
34
10
36
10
69
73
31
9
9
17
13
12
15
18
38
10
9
8
10
9
31
60
44
35
27
31
34
11
9
12
9
8
10
15
10
8
9
12
9
11
10
12
13
14
11
12
14
9
11
9
9
14
8
9
9
10
9
10
8
8
14
10
9
13
11
9
12
12
10
8
8
8
9
12
10
11
8
9
8
8
9
8
11
10
10
9
8
8
8
9
8
9
14
9
9
9
12
8
9
9
8
9
10
9
8
9
9
12
9
12
15
8
17
11
9
9
12
16
11
9
12
8
9
9
12
9
11
15
10
8
10
19
10
10
9
9
10
9
8
9
9
8
11
10
8
8
10
12
9
8
9
10
10
9
9
9
10
12
9
8
9
8
8
9
8
8
10
8
Ping 10 at 1/8/2014 1:24:32 PM
9
8
8
4
9
7
9
8
8
8
8
8
8
8
8
8
17
12
7
8
7
8
8
8
7
8
9
8
9
13
9
9
12
29
18
8
8
8
9
8
13
30
30
95
135
73
38
9
8
12
23
33
26
60
36
23
30
19
9
15
12
9
14
17
9
8
16
51
41
18
8
13
16
11
24
41
33
16
8
11
9
8
10
15
36
60
75
63
70
52
45
84
66
11
9
23
12
18
10
10
8
9
8
11
24
18
9
9
18
58
42
39
210
951
1783
1859
1884
1904
1825
1775
1731
1628
1248
1713
1591
1444
812
610
617
1230
466
33
149
226
443
492
117
374
118
225
47
58
214
539
349
119
311
47
171
180
47
39
120
222
65
36
32
59
56
49
27
103
141
185
76
140
167
32
86
11
34
19
8
48
77
38
14
62
112
66
58
72
19
11
16
25
50
112
71
40
39
9
9
13
8
11
17
64
59
14
22
51
69
33
21
12
30
26
14
14
27
9
22
38
62
52
30
15
8
12
51
24
12
59
13
20
20
10
14
14
9
17
18
14
15
58
143
285
363
191
427
640
424
578
244
144
306
233
54
145
213
122
18
33
11
51
40
29
79
63
19
32
16
11
9
10
14
20
10
11
8
10
26
40
11
11
11
11
12
15
10
11
9
12
9
10
13
10
28
19
10
11
9
8
8
15
9
13
10
9
18
27
20
19
13
12
13
9
22
21
11
10
9
13
10
9
15
19
26
29
29
16
41
107
59
19
9
9
8
14
10
13
17
10
8
9
15
38
30
50
71
81
96
70
43
35
13
42
77
50
58
33
87
85
77
47
59
38
46
24
183
245
168
81
26
43
241
261
274
119
116
78
87
74
92
45
85
65
208
313
289
238
208
271
207
13
64
98
34
25
71
52
55
83
91
60
38
52
71
49
11
18
27
22
32
8
11
17
52
64
35
64
93
136
158
134
58
13
19
19
12
9
9
Ping 11 at 1/8/2014 1:24:37 PM
10
8
8
4
9
7
8
8
7
8
8
8
8
8
7
8
8
7
8
8
8
8
8
8
8
8
7
8
10
8
8
8
10
8
8
8
154
279
157
36
24
9
8
8
8
7
8
8
8
9
8
8
8
8
8
8
8
8
8
8
8
8
9
14
8
8
9
9
8
8
8
8
8
8
8
8
8
8
8
8
8
9
8
8
8
12
8
9
9
8
8
9
12
10
8
8
8
9
8
8
11
49
49
11
9
8
9
9
8
9
12
15
741
1858
1884
1855
1888
1884
1492
322
1726
1747
1053
467
1479
1710
1441
956
284
219
386
163
119
53
70
531
719
248
232
330
420
91
237
411
289
240
92
121
50
262
334
317
340
321
194
93
152
163
60
27
78
87
138
46
16
15
46
19
148
110
41
63
31
10
23
26
68
76
52
24
85
25
14
32
13
9
13
9
13
14
8
8
15
15
23
28
30
15
14
9
8
16
45
76
59
65
21
10
10
19
20
20
15
16
42
27
16
28
8
15
12
9
10
11
8
11
24
27
24
21
10
11
8
10
16
112
185
226
244
630
516
250
263
204
289
222
165
165
37
43
13
54
72
39
49
90
59
16
9
12
15
29
13
34
43
14
14
9
15
27
21
10
14
38
24
13
9
10
16
9
9
11
8
18
13
8
9
10
9
9
10
9
11
8
12
14
18
13
8
8
9
8
9
9
10
10
8
14
8
8
18
9
10
8
8
10
11
9
8
12
13
9
8
9
10
9
9
9
11
8
9
11
10
9
8
11
10
8
8
9
8
9
16
10
13
13
10
12
9
21
12
10
10
9
8
11
9
8
9
9
8
9
9
9
15
11
11
12
9
9
15
16
8
8
12
8
9
9
12
9
9
8
9
10
13
8
9
8
9
8
12
8
9
10
8
11
8
9
8
9
8
9
8
10
9
8
8
11
8
8
8
10
8
11
8
9
10
11
9
8
8
9
8
Ping 12 at 1/8/2014 1:24:41 PM
10
8
8
5
9
7
8
8
8
8
8
8
7
8
8
8
8
11
8
7
7
7
8
7
14
10
14
11
11
22
16
35
103
56
34
46
10
8
8
8
7
8
8
8
8
8
8
7
8
8
8
7
7
8
8
8
8
8
8
8
8
8
8
8
8
8
8
8
8
17
8
8
8
12
8
8
8
8
8
8
8
8
8
8
8
8
8
8
8
8
8
8
9
18
22
18
10
12
25
14
8
9
10
11
8
9
8
8
8
15
39
90
673
1338
1756
1805
1849
1049
1835
1652
1684
1720
1754
1567
989
535
326
453
411
432
231
279
170
382
370
213
104
57
149
94
214
378
122
67
34
261
478
250
33
78
227
85
227
267
83
120
53
62
77
80
70
59
18
15
119
127
101
107
57
163
205
99
26
30
42
142
84
53
38
22
64
74
74
53
34
15
11
18
9
8
8
40
15
9
10
12
21
34
15
37
42
30
18
15
22
35
85
69
31
25
11
18
72
95
49
204
165
60
17
36
64
188
178
47
33
27
11
64
14
14
23
23
45
111
103
82
96
164
334
106
340
211
380
323
47
219
285
477
418
362
385
385
281
230
42
10
23
30
64
167
168
192
333
366
331
394
249
231
152
242
158
224
208
205
113
24
121
43
40
16
76
18
8
48
36
10
22
33
52
38
39
37
46
25
55
64
57
122
56
29
11
50
82
30
8
9
15
16
34
83
48
86
67
52
34
15
12
35
58
13
29
18
45
50
16
21
30
30
19
68
39
91
97
155
203
206
178
108
49
36
52
71
59
33
9
9
27
78
82
115
167
137
104
124
148
92
36
49
44
130
151
193
28
67
83
69
41
56
31
26
9
22
26
9
16
55
21
25
69
60
15
30
64
59
25
32
46
32
33
22
20
24
29
14
33
40
23
23
13
13
14
16
10
18
55
56
46
16
16
32
10
26
27
17
28
15
56
86
87
64
72
78
58
Ping 13 at 1/8/2014 1:24:46 PM
9
8
7
4
9
6
8
8
7
8
14
8
8
8
17
38
41
15
8
11
19
13
8
12
15
10
11
12
9
7
8
9
61
80
45
41
12
8
8
8
8
8
8
7
8
8
8
16
8
9
7
8
8
9
8
9
17
13
12
16
9
10
8
18
26
35
18
19
11
8
26
28
12
42
37
9
9
15
11
19
11
8
14
36
56
53
16
9
45
42
11
20
20
31
31
82
92
52
14
10
8
18
59
134
160
110
35
110
90
52
280
1285
1553
1493
1783
1832
1904
1057
1830
1844
1542
577
690
386
508
587
113
253
398
375
266
281
427
312
125
256
264
396
393
205
309
224
32
75
179
117
118
59
133
277
464
415
144
155
60
51
82
95
24
23
75
9
73
47
85
116
41
17
125
207
137
31
29
18
20
12
17
32
16
22
35
55
18
18
23
83
102
76
30
97
107
72
95
52
18
21
69
32
13
33
22
10
23
23
28
9
9
27
38
25
26
19
20
53
81
81
13
9
13
52
32
36
9
49
93
92
53
45
54
29
15
10
29
20
56
128
215
95
41
90
132
57
107
251
330
117
54
89
65
29
24
36
96
74
16
15
82
20
8
10
12
27
11
17
35
20
36
9
12
35
16
14
21
16
13
10
8
9
9
18
20
13
19
10
11
12
10
8
11
12
15
9
9
21
11
14
28
12
8
9
9
16
21
9
9
10
10
14
8
10
9
8
13
9
18
15
12
9
11
9
9
9
9
8
9
8
9
17
10
11
12
11
9
10
11
9
8
9
12
19
14
18
12
8
8
8
9
10
14
9
8
8
23
10
9
16
17
10
21
38
30
37
11
9
9
9
9
8
8
9
10
10
16
9
9
14
15
8
11
11
9
8
9
9
10
8
10
9
8
9
9
10
8
8
10
8
8
8
9
8
9
9
10
9
9
13
8
13
11
9
8
11
8
9
15
9
13
9
8
8
9
9
10
Ping 14 at 1/8/2014 1:24:51 PM
12
8
7
5
9
6
8
8
8
9
8
8
8
8
8
7
7
7
7
7
8
8
8
8
7
8
8
8
7
8
8
8
8
8
8
8
8
7
8
8
8
8
8
8
7
8
8
8
8
7
8
8
8
8
8
8
8
8
7
8
9
10
13
8
8
8
8
12
16
9
8
8
11
19
9
8
8
8
8
11
8
8
8
8
8
8
8
8
10
12
8
8
8
8
9
11
9
8
8
12
9
15
8
9
9
10
10
9
10
10
59
851
1632
1642
1372
1886
1907
1701
931
1341
1398
1239
1246
1626
1217
223
179
745
918
455
343
362
293
212
450
322
125
284
57
155
197
30
260
172
111
93
229
217
60
96
34
118
306
324
59
62
214
317
139
237
318
80
32
54
18
59
14
59
54
63
138
126
106
44
30
128
237
128
18
80
113
104
97
90
32
40