Ping 1 at 1/8/2014 1:18:45 PM
8
8
8
4
9
7
8
8
8
8
8
8
8
8
8
8
8
8
8
8
7
8
8
8
8
8
8
8
8
8
8
8
8
8
8
8
8
8
8
8
8
8
8
8
8
8
7
8
8
8
8
8
8
8
8
8
13
21
18
8
22
22
15
14
16
11
8
8
8
8
9
17
15
34
35
25
19
14
17
9
25
8
13
30
51
48
48
21
18
8
10
9
9
59
64
66
101
58
99
114
17
19
54
128
75
38
49
76
105
52
29
109
173
241
859
1695
1826
1858
1795
1819
1856
1790
1811
1752
1417
1203
1534
956
226
158
318
245
658
539
371
124
49
394
270
616
258
219
408
183
44
101
146
170
158
304
70
71
28
24
64
24
51
125
334
192
98
184
202
145
61
102
23
18
201
287
246
253
224
116
62
41
15
46
113
90
26
26
17
69
55
43
82
102
111
146
84
80
34
74
172
254
147
55
45
90
204
223
64
39
9
62
71
73
44
24
77
90
30
96
169
43
99
90
36
113
93
26
20
71
25
48
28
96
48
27
28
139
66
51
130
117
77
31
84
52
18
137
39
20
72
200
163
21
68
152
243
101
49
141
52
128
174
123
91
168
71
74
131
78
112
24
86
16
35
20
117
65
26
17
13
42
63
31
99
49
17
47
49
58
119
100
26
14
52
70
39
11
17
26
34
16
12
19
61
55
28
13
10
10
9
25
13
32
16
51
23
10
12
10
11
43
33
39
46
15
61
42
13
12
15
9
14
11
9
21
37
15
9
24
60
43
15
13
12
24
17
10
8
11
19
18
40
37
9
16
21
10
19
21
39
20
11
9
9
35
72
35
27
16
40
44
22
14
12
10
17
8
16
9
9
17
20
40
22
10
9
9
11
9
10
23
17
9
12
19
16
9
12
9
8
8
9
9
22
37
48
31
26
44
12
21
22
16
9
10
10
10
13
8
8
9
9
9
14
25
16
8
9
Ping 2 at 1/8/2014 1:18:48 PM
8
8
8
5
9
7
8
9
9
8
8
8
8
8
8
7
8
8
8
8
7
8
8
8
8
8
8
8
8
8
8
8
8
8
8
8
8
8
8
8
8
8
8
8
8
8
8
8
8
8
8
8
8
8
8
8
8
8
9
10
8
9
9
8
8
8
8
9
9
8
8
8
8
8
9
9
8
8
8
8
8
8
9
8
9
8
8
8
9
8
11
9
8
10
9
9
9
8
9
8
8
9
9
10
13
16
9
8
9
8
8
11
11
51
578
1269
1809
1801
1734
1819
1300
1344
1711
1686
723
1183
450
1148
1581
531
415
254
790
653
499
634
717
385
122
147
415
265
361
281
63
181
379
156
29
97
119
81
119
152
311
189
56
76
301
153
24
170
159
56
80
30
57
19
34
126
162
45
79
225
99
13
54
48
49
40
70
36
139
154
33
56
65
28
62
64
86
114
126
48
45
109
114
49
54
24
60
53
51
11
51
28
12
19
20
45
65
49
43
10
47
62
13
16
34
9
53
74
44
83
29
41
33
14
15
19
13
27
22
9
9
9
9
14
64
68
90
188
72
209
521
727
604
361
51
205
300
220
267
146
65
26
41
95
20
10
37
68
23
33
82
37
50
40
60
67
38
19
10
33
28
28
83
70
25
14
8
9
9
16
11
10
12
25
37
15
9
10
13
8
21
43
70
33
13
51
14
26
40
20
32
18
21
9
15
25
33
11
13
10
13
35
39
13
9
16
54
23
13
21
27
9
12
17
9
35
28
8
9
9
9
11
14
11
14
8
9
12
9
16
11
9
18
17
13
9
9
9
8
9
12
13
11
19
15
13
11
9
9
9
9
13
13
21
9
10
11
9
10
14
10
10
16
9
13
11
10
26
22
19
39
9
14
13
9
9
9
18
9
9
9
8
9
12
12
10
8
13
8
11
10
11
9
9
9
9
9
9
8
8
9
11
9
9
12
9
8
9
9
Ping 3 at 1/8/2014 1:18:51 PM
8
8
8
5
9
8
8
8
8
8
8
8
8
8
8
7
8
8
8
8
8
8
8
8
8
9
8
8
8
8
9
9
8
8
8
8
8
8
8
8
8
8
9
8
8
9
8
8
8
8
8
8
8
9
8
8
8
8
13
9
19
13
9
8
9
24
10
12
13
20
12
8
8
8
12
9
33
44
20
23
20
9
18
18
8
8
8
9
9
10
9
9
10
9
15
9
8
9
9
9
9
8
15
32
32
10
9
41
66
12
49
34
12
82
1193
1629
1644
1823
1766
1761
1837
1603
1642
587
922
952
1100
1092
717
480
865
405
676
753
722
553
492
1139
754
171
644
823
545
274
254
113
14
27
48
62
107
271
314
147
91
79
134
209
39
128
205
207
114
20
12
15
29
18
39
16
45
20
50
49
115
232
119
10
9
43
50
39
74
38
43
53
35
64
56
61
132
90
60
53
52
46
63
30
30
19
30
24
14
9
17
9
25
43
9
29
11
32
51
41
28
14
37
9
30
82
37
18
25
11
21
47
46
18
11
11
18
12
23
38
42
19
21
30
12
15
52
19
24
48
146
114
35
94
113
277
481
252
138
34
91
108
19
24
11
60
135
154
128
111
75
32
28
53
116
175
84
12
14
11
17
43
26
17
16
19
20
10
18
29
45
23
16
13
12
12
10
20
19
33
20
20
11
11
17
26
30
9
15
9
20
23
9
12
32
9
16
15
18
12
12
21
9
14
59
27
8
16
13
9
13
9
9
12
12
19
31
24
24
14
13
9
9
10
11
20
13
10
44
93
69
37
39
32
31
13
18
17
13
12
12
9
8
10
11
8
10
11
9
40
60
54
45
34
27
20
11
30
27
10
25
11
9
16
10
10
14
8
24
11
19
36
42
12
9
10
9
8
24
11
9
10
12
18
29
24
20
9
15
9
9
8
11
13
9
9
9
9
9
9
9
9
9
17
20
9
9
12
8
Ping 4 at 1/8/2014 1:18:54 PM
9
8
8
5
9
7
8
8
8
8
8
8
8
8
8
8
8
8
8
8
8
8
8
8
8
8
8
8
8
8
7
8
8
8
8
8
8
8
8
8
8
8
8
8
8
8
8
8
8
8
8
8
8
8
8
8
8
8
10
15
12
9
17
13
9
8
8
9
8
12
8
8
8
8
8
8
9
11
9
9
8
8
8
8
9
15
11
9
15
12
9
10
15
10
9
9
9
8
8
10
9
13
22
14
20
59
61
55
53
42
13
10
11
132
462
1540
1821
1851
1822
1798
1816
1762
1639
1674
1313
1472
508
245
169
272
863
458
435
396
532
377
348
158
344
468
408
465
573
564
672
448
346
152
175
344
158
118
91
177
198
122
86
172
280
126
91
191
65
9
23
19
24
106
74
70
10
12
26
82
22
57
77
150
121
120
204
85
40
70
10
46
67
91
41
34
73
64
20
95
89
41
51
119
93
43
49
20
26
22
28
13
15
93
138
127
55
61
19
84
47
57
33
77
123
149
99
63
86
27
34
168
83
46
60
15
23
83
68
61
40
42
58
67
21
115
237
148
160
81
148
237
112
307
113
93
155
197
172
125
100
162
218
243
156
321
130
46
53
15
29
55
52
19
39
142
80
10
35
72
50
42
97
41
27
15
32
13
16
11
28
15
9
24
28
66
14
18
47
46
27
56
107
50
22
13
33
104
96
45
38
21
9
10
12
26
34
63
81
76
46
29
18
8
13
36
16
13
62
65
21
9
31
29
28
67
70
89
47
49
101
87
79
18
31
13
12
13
16
10
9
16
45
17
8
23
12
10
9
14
17
9
9
11
13
20
32
33
37
15
14
55
52
34
34
10
9
21
9
18
41
27
49
30
15
35
12
14
19
14
27
17
11
14
10
9
13
13
20
27
19
19
10
9
14
24
21
22
18
10
10
11
24
15
15
10
9
11
9
11
8
13
11
8
9
8
9
9
8
Ping 5 at 1/8/2014 1:18:58 PM
8
8
8
5
9
7
8
8
8
8
8
8
8
7
8
8
8
8
8
8
8
8
8
8
8
8
8
8
8
8
8
8
8
8
8
8
7
8
8
8
8
8
8
8
7
8
8
8
9
8
8
9
19
8
8
9
9
9
8
9
24
32
13
8
8
8
8
8
10
23
10
9
8
21
8
28
51
41
44
26
9
15
53
39
8
34
20
16
9
34
54
20
34
13
11
13
22
18
10
8
9
16
12
9
36
78
68
52
65
31
28
75
17
28
1035
1536
1438
695
1576
1307
377
1741
1690
1297
1657
1624
1140
729
1293
798
273
138
562
557
522
290
633
756
177
50
57
391
271
464
198
501
697
456
495
353
162
209
240
70
36
65
157
160
53
242
432
316
141
63
27
133
157
151
164
193
62
99
301
327
191
75
169
104
65
13
41
34
48
15
38
11
45
92
53
76
24
130
199
108
37
56
107
68
9
40
109
111
70
27
39
27
130
70
9
35
33
89
102
15
33
79
92
40
17
88
72
106
177
97
50
48
91
151
135
40
53
53
53
24
11
46
95
171
144
79
129
227
136
155
263
276
131
57
42
137
335
336
77
24
37
21
93
71
43
32
17
60
79
107
152
115
23
18
95
173
78
49
48
20
10
13
47
87
25
23
11
9
25
98
41
32
42
46
18
14
14
10
12
20
11
19
10
20
51
27
9
30
9
19
48
15
10
23
11
30
25
9
9
17
41
84
81
75
45
11
50
91
65
30
32
10
10
19
23
16
15
17
20
64
96
87
40
13
15
11
14
12
17
9
29
14
28
15
16
14
8
45
39
23
16
18
21
10
8
12
11
17
9
9
9
25
20
8
13
18
10
28
14
10
10
10
15
9
19
40
28
19
9
11
9
9
11
9
10
12
10
8
11
9
17
11
21
48
14
11
13
10
12
25
23
22
12
8
11
10
8
14
10
10
14
11
10
9
9
10
19
27
10
Ping 6 at 1/8/2014 1:19:02 PM
11
8
9
5
10
7
8
8
8
8
8
8
8
8
7
7
7
8
8
8
8
8
8
8
8
8
8
7
8
8
8
8
8
8
8
8
8
8
8
8
8
8
8
8
8
7
8
8
8
8
8
8
8
8
8
8
8
8
8
8
9
8
8
8
8
8
8
8
8
9
8
8
8
8
8
8
8
8
8
8
8
12
9
16
12
9
11
8
10
8
10
9
9
9
8
9
9
8
8
8
13
9
9
11
8
9
8
8
9
9
9
10
8
57
663
1578
1695
1697
1809
1854
1845
1819
1833
1608
1261
837
301
272
618
1351
1454
403
127
52
313
335
181
562
379
296
533
542
215
51
166
226
383
302
114
223
265
113
42
112
80
60
133
36
87
53
53
147
100
92
112
207
159
39
43
56
44
72
180
272
161
86
24
13
23
23
124
58
51
29
21
12
37
21
14
23
86
80
15
21
72
75
14
9
16
26
116
115
22
15
33
38
13
38
16
30
34
12
36
80
46
11
13
30
38
25
48
56
9
14
10
10
11
20
38
52
94
92
60
59
43
59
17
11
112
305
496
526
495
612
455
457
182
75
116
100
41
20
47
36
75
81
37
37
12
15
21
58
52
79
114
133
88
20
60
15
50
17
15
28
25
40
42
28
33
20
47
16
16
31
15
33
41
35
21
9
10
27
35
20
9
10
12
10
10
15
22
9
10
9
9
8
9
23
27
20
12
9
23
23
9
10
16
13
11
20
12
9
18
22
16
38
17
16
8
13
33
28
53
40
27
16
42
28
62
39
9
9
10
20
9
21
14
9
9
57
41
23
35
19
14
16
15
8
8
15
32
36
26
13
11
8
9
9
12
15
18
9
37
47
16
10
9
12
19
21
15
10
19
16
14
9
9
9
9
9
9
17
89
112
92
73
18
14
55
48
18
13
9
10
9
9
9
9
10
27
45
63
69
78
77
88
87
16
16
46
148
141
158
Ping 7 at 1/8/2014 1:19:06 PM
9
8
8
5
9
7
8
8
8
8
8
8
8
7
8
8
8
8
8
8
8
8
8
8
9
9
11
8
8
8
8
8
8
8
8
7
8
8
8
8
8
8
8
8
8
10
9
9
9
10
9
18
14
11
9
9
9
9
11
8
8
10
21
11
8
8
8
18
9
8
14
39
29
24
59
60
23
17
30
22
9
27
24
8
9
40
36
46
52
42
17
9
11
13
17
9
16
9
12
28
10
14
9
25
26
32
36
19
43
34
32
47
51
56
267
502
1527
1587
1830
1869
1823
1470
1091
656
674
866
1650
1546
1577
896
334
290
311
455
540
488
331
184
176
473
457
403
52
47
287
373
494
381
127
69
220
538
395
173
135
228
238
105
19
16
151
188
62
195
208
112
88
14
127
144
142
133
63
34
17
58
59
31
111
159
97
64
150
89
47
94
31
36
66
132
110
43
24
53
72
39
16
11
9
45
78
21
36
55
62
44
15
45
98
88
13
66
111
52
28
26
29
53
79
10
11
12
34
19
23
71
40
42
37
61
15
19
33
58
74
143
81
58
101
86
205
242
192
35
244
509
304
98
168
107
139
52
50
88
29
141
271
106
14
16
24
43
87
90
35
20
31
39
9
10
66
25
23
17
13
12
10
9
10
13
30
28
31
22
9
51
37
16
47
31
9
9
10
29
38
18
38
32
32
38
16
10
14
9
19
56
68
15
23
16
12
12
8
14
9
9
9
22
11
10
24
58
48
29
14
59
26
18
11
9
42
42
64
49
25
20
25
27
50
109
106
47
10
13
51
74
43
13
63
84
65
40
34
31
9
19
38
20
20
13
31
45
81
66
41
68
32
100
22
48
42
23
71
70
59
62
101
62
43
34
109
113
17
31
100
79
36
29
16
31
98
42
22
20
62
66
62
36
47
128
127
167
104
58
13
8
13
39
86
51
10
37
29
11
27
17
11
11
21
25
20
18
26
Ping 8 at 1/8/2014 1:19:09 PM
9
8
8
5
9
7
9
10
8
8
8
9
10
8
8
8
8
8
8
14
13
8
8
8
8
8
8
8
8
8
8
8
8
9
9
12
23
41
32
8
13
8
8
8
12
11
8
8
8
10
9
37
40
54
47
10
31
38
28
35
53
18
8
10
25
25
22
30
19
12
8
35
43
12
21
9
26
60
68
60
27
20
64
36
32
46
28
15
28
29
19
49
70
20
10
14
30
44
49
53
44
24
28
24
24
70
48
41
51
119
141
137
35
61
770
1464
1679
1760
1805
1865
1833
1565
1246
544
1149
1048
624
1447
300
450
299
239
91
149
157
443
519
201
292
325
135
92
288
278
163
47
137
75
42
119
451
468
193
102
213
97
16
87
204
191
64
131
187
120
103
153
42
45
40
65
100
67
30
35
38
27
57
148
92
18
23
72
42
15
18
53
24
9
23
39
49
17
88
89
32
38
10
45
61
23
55
163
113
54
52
81
14
74
82
32
49
94
91
95
71
50
27
16
28
32
11
14
35
26
37
37
50
13
14
13
10
18
14
8
12
10
12
31
122
232
109
51
154
98
192
180
137
297
41
64
111
197
60
116
140
225
87
16
59
17
20
69
48
52
41
52
23
16
23
50
61
89
54
15
9
11
22
15
20
17
11
10
11
19
20
24
20
9
14
11
37
136
127
12
20
23
44
21
10
9
9
10
9
19
9
15
25
38
22
10
9
10
9
9
23
24
31
14
9
24
16
14
9
9
8
12
8
8
9
9
8
12
15
8
9
11
10
9
9
9
9
13
14
10
15
9
11
9
9
11
24
9
9
8
14
9
10
9
9
9
10
11
10
8
9
15
9
8
11
16
16
9
16
17
11
9
9
12
9
13
11
9
9
11
9
11
13
9
12
8
9
9
20
12
9
9
10
9
9
8
10
8
9
9
9
10
9
8
10
10
9
9
9
11
9
9
8
12
9
8
9
9
8
Ping 9 at 1/8/2014 1:19:13 PM
12
8
8
5
10
7
9
8
8
8
8
8
8
8
10
8
9
9
8
8
8
8
8
9
9
8
8
8
8
8
8
8
17
15
9
9
8
8
8
8
8
8
8
8
8
9
22
9
9
9
9
12
19
12
9
16
14
9
8
8
8
8
9
9
8
9
19
9
11
16
11
44
73
68
30
10
8
10
9
23
9
8
20
28
31
13
40
38
24
8
9
17
9
8
15
26
14
18
11
12
31
53
20
9
23
56
47
22
20
9
13
10
12
155
1731
1788
1805
1874
1863
1816
1414
1690
1715
1475
524
1130
712
925
436
143
144
492
915
1055
283
307
418
489
958
1006
610
589
390
38
176
103
127
135
96
261
119
418
97
151
57
86
92
9
49
34
47
142
48
16
35
23
42
149
73
18
65
60
70
14
11
53
47
41
37
11
9
12
17
30
105
31
24
23
28
90
97
41
14
16
9
11
28
20
28
56
35
32
9
8
8
36
48
71
68
51
22
20
10
16
10
17
12
9
20
30
10
10
12
9
20
13
12
19
28
23
14
9
21
33
25
38
29
77
392
550
399
485
530
236
220
529
258
90
162
37
57
29
10
81
88
149
143
73
47
18
97
17
49
89
48
78
68
22
9
9
31
39
9
21
21
11
8
12
23
48
17
12
38
59
12
14
40
56
115
136
150
142
110
71
74
121
79
96
68
78
118
93
16
19
10
52
42
18
30
45
74
61
120
86
41
31
11
36
65
132
143
135
124
29
128
235
243
237
103
81
58
48
33
170
265
218
142
181
261
105
160
201
48
36
102
138
171
130
175
41
139
293
460
415
355
262
213
324
111
74
304
371
351
201
142
125
96
88
34
40
56
58
126
150
170
94
56
40
37
25
46
79
48
35
35
120
121
89
92
119
67
23
101
179
129
51
52
141
197
161
86
23
22
40
64
101
41
51
67
112
80
132
102
135
119
68
72
77
68
51
23
101
138
Ping 10 at 1/8/2014 1:19:17 PM
8
8
8
5
9
7
8
9
8
8
8
8
8
8
9
8
8
8
11
8
8
9
8
8
8
9
8
8
8
8
7
8
8
8
9
12
8
8
8
8
9
10
8
14
21
8
8
26
24
36
19
21
10
16
53
54
45
67
26
48
66
100
132
115
87
70
30
8
13
32
16
12
43
41
32
43
15
42
80
12
46
44
13
8
9
22
25
11
10
22
30
25
51
99
122
87
13
31
15
28
39
50
71
49
12
9
30
18
29
91
32
13
14
24
940
1275
840
985
1533
1364
1766
1351
323
1228
1320
601
371
668
570
417
966
667
345
605
458
142
199
122
245
367
269
49
257
146
236
310
100
136
104
94
234
197
45
252
244
159
97
67
106
69
85
51
136
171
12
60
9
9
17
9
60
123
238
244
137
36
141
160
50
86
105
16
32
53
134
214
197
43
95
52
71
83
114
102
34
124
68
59
54
17
34
32
37
111
100
26
24
30
28
24
14
24
46
51
32
10
23
37
24
52
34
17
35
11
9
69
38
15
9
22
41
41
52
76
54
19
27
40
184
350
344
163
240
252
147
305
312
64
129
373
122
63
66
18
139
86
134
119
156
150
87
27
13
15
20
37
49
68
40
8
10
23
59
23
19
15
59
44
99
95
45
19
27
44
30
10
42
64
39
37
57
72
50
22
10
13
41
37
13
39
41
12
9
16
25
32
14
9
10
13
16
15
27
11
10
11
15
24
32
31
12
9
9
9
25
21
10
9
12
10
8
9
12
9
13
10
9
9
9
10
9
9
10
16
45
19
20
13
97
243
314
233
139
147
148
93
41
30
37
15
50
61
79
42
10
20
59
59
56
51
14
25
23
11
87
89
141
86
146
189
224
76
165
314
390
344
298
287
363
162
140
226
99
57
81
99
82
31
50
74
122
146
87
204
212
246
311
290
234
167
106
18
129
243
296
208
320
201
45
60
70
204
59
Ping 11 at 1/8/2014 1:19:21 PM
13
8
8
5
10
7
8
8
8
8
8
8
8
8
8
8
9
8
8
8
8
8
8
8
8
8
8
8
7
8
8
8
8
8
8
8
8
8
9
12
22
11
8
8
9
16
11
8
8
8
8
8
9
17
14
9
8
8
8
8
8
8
8
8
8
8
8
8
11
22
8
8
8
8
8
13
8
9
9
8
8
8
9
8
9
12
8
9
14
10
8
8
9
8
10
15
9
8
9
13
10
10
10
8
9
13
11
8
14
13
15
37
28
62
1713
1854
1826
1627
1742
1561
744
1319
1253
726
1289
929
949
742
929
1020
274
786
1303
909
446
614
492
236
331
886
1115
629
309
503
272
587
598
475
281
199
48
96
26
89
177
95
143
154
97
39
21
176
250
76
48
149
176
202
142
99
126
31
22
27
54
37
110
197
95
86
33
21
11
9
25
46
12
9
12
15
26
9
11
16
83
177
68
27
58
71
32
117
78
26
29
72
23
19
13
28
20
40
133
63
13
9
74
80
31
62
46
30
46
62
20
9
9
22
28
15
18
16
20
24
19
34
9
157
539
636
213
80
202
417
388
196
309
317
216
81
82
258
98
73
27
30
40
24
105
187
198
80
38
135
226
152
81
100
81
79
152
96
86
63
124
115
15
100
86
111
64
24
86
47
27
9
42
43
14
9
12
43
31
9
9
14
32
76
32
23
14
11
23
32
9
15
28
52
31
18
13
19
21
17
93
73
32
17
12
13
8
9
9
9
30
28
30
18
46
71
78
43
13
14
10
9
10
9
10
11
8
9
11
17
11
23
20
12
9
11
13
50
87
29
11
8
15
13
9
31
9
12
9
17
47
51
26
17
10
27
11
20
11
22
23
22
9
18
13
18
12
26
13
12
12
12
9
10
9
17
9
8
13
19
12
16
13
9
8
9
12
11
12
8
11
9
9
16
10
15
11
11
18
9
10
28
9
9
10
9
8
12
9
Ping 12 at 1/8/2014 1:19:25 PM
9
8
8
5
10
7
8
9
8
9
8
8
8
8
8
8
8
8
8
8
8
8
8
8
8
8
8
8
8
8
8
8
8
8
8
8
8
8
8
8
8
8
8
8
8
8
8
8
8
8
8
8
8
8
8
8
8
8
8
9
18
9
8
8
8
8
9
8
8
8
8
9
8
8
8
8
8
13
9
8
9
8
8
8
9
8
10
9
9
8
8
9
9
8
9
8
8
11
9
9
9
8
9
10
9
9
8
8
9
16
9
9
10
49
870
1714
1708
1568
1845
1830
1764
1768
1679
1686
1682
944
1282
1027
737
368
833
1000
429
302
253
241
335
662
344
265
452
164
155
91
200
185
170
161
159
165
40
14
11
72
206
247
389
221
73
119
42
88
208
199
19
32
87
63
54
130
167
175
107
18
80
16
31
82
134
137
103
116
96
28
25
29
65
104
46
14
11
11
22
15
34
12
34
31
40
34
57
54
20
12
9
45
28
13
38
48
39
23
26
21
14
11
18
20
59
47
9
20
11
26
15
26
44
49
14
8
9
9
9
29
34
11
23
27
79
32
53
32
142
406
379
86
155
212
36
61
174
44
112
172
100
102
81
149
42
132
172
90
43
35
30
75
35
86
105
31
29
13
10
18
21
9
21
25
26
51
48
17
16
14
31
18
11
19
11
14
11
19
24
9
9
16
18
13
10
9
18
9
17
9
14
15
26
8
9
9
11
8
12
9
12
11
12
9
12
9
9
10
25
19
11
17
9
10
9
13
9
37
36
20
9
21
40
17
10
8
13
10
9
10
10
19
23
9
10
9
11
9
10
12
10
12
21
31
23
9
8
14
8
8
10
11
13
27
46
44
54
32
28
14
16
28
13
11
12
19
22
14
9
11
15
14
10
9
10
10
10
20
12
9
10
13
9
9
12
10
13
9
10
9
10
10
8
10
10
10
9
8
9
9
11
11
10
8
9
9
11
9
10
Ping 13 at 1/8/2014 1:19:29 PM
8
8
8
5
10
7
8
8
8
8
8
8
7
8
8
8
8
8
8
8
8
8
8
8
8
8
8
8
8
8
8
8
8
8
8
8
8
8
8
8
8
8
8
8
8
7
8
9
9
18
25
9
9
8
9
15
15
10
8
9
8
10
25
20
20
8
18
33
16
10
11
8
36
21
17
12
13
8
9
10
11
8
21
61
76
70
66
47
35
48
9
9
10
10
48
22
12
27
17
9
22
42
41
86
32
42
43
30
13
9
12
15
29
20
1073
1686
1748
1824
1639
683
1657
1749
1640
1601
940
221
518
924
858
1202
777
695
811
655
1042
752
557
207
74
297
279
294
501
623
563
161
119
216
436
388
51
60
24
105
95
78
328
324
126
247
218
117
164
111
138
112
67
31
152
224
173
105
140
130
28
77
116
50
37
60
68
32
12
44
122
100
32
21
66
77
102
121
176
103
66
27
32
52
39
60
25
20
18
37
107
53
15
13
15
68
103
41
33
14
8
9
13
81
58
20
17
39
142
53
34
47
32
9
9
10
25
49
10
9
31
42
35
51
74
103
128
161
299
320
266
78
83
97
98
173
297
276
182
181
50
73
82
78
132
160
23
65
38
44
77
91
134
56
57
90
49
35
10
11
58
59
90
116
27
17
17
18
18
37
32
32
29
18
9
9
26
13
19
47
33
10
24
47
31
10
13
9
23
14
33
50
15
11
8
14
20
21
10
12
8
34
71
38
26
31
14
14
20
16
11
20
15
15
10
16
9
8
17
16
39
25
23
12
8
9
17
23
13
14
15
9
8
25
37
33
60
21
10
40
19
24
16
20
16
16
21
43
9
14
9
38
10
25
38
13
9
9
10
11
9
9
16
34
9
12
19
21
22
13
10
12
9
9
9
12
10
13
9
16
9
14
19
9
9
10
18
23
14
13
9
11
8
9
11
8
9
9
12
10
8
12
9
16
10
9
8
9
8
Ping 14 at 1/8/2014 1:19:33 PM
9
8
8
5
9
7
8
8
8
8
8
8
8
8
8
8
8
8
8
7
8
8
8
8
8
8
8
8
8
8
8
8
8
8
8
8
8
8
8
8
8
8
8
8
8
8
8
8
8
8
8
8
8
8
10
19
11
9
8
8
8
8
9
18
10
14
31
8
8
9
8
8
8
11
9
8
14
10
9
8
8
9
11
8
12
8
8
9
13
22
10
11
9
8
9
31
47
27
9
41
63
32
9
9
9
9
9
9
9
12
8
9
15
14
1412
1811
1845
1715
1611
1755
1812
1314
1626
1744
672
1432
823
794
343
632
1193
1101
756
944
717
560
495
270
246
286
43
167
264
28
137
57
58
30
222
222
95
40
154
76
166
182
253
185
90
141
84
52
23
81
78
53
93
150
91
19
109
32
36
24
14
62
58
36
10
73
95
33
10
20
93
75
96
11
94
79
12
71
98
48
9
11
32
31
18
18
57
26
45
69
23
38
22
17
22
24
17
9
53
101
47
30
21
20
58
30
9
16
14
17
69
55
30
59
14
11
39
39
10
9
31
83
58
16
176
235
456
516
461
449
295
148
397
420
182
155
99
83
200
156
230
130
11
31
26
76
78
45
45
59
59
75
86
22
30
66
39
15
14
14
34
21
18
42
43
11
30
75
50
11
29
53
44
42
49
32
12
8
11
12
16
20
22
11
15
11
9
9
18
12
11
23
46
61
23
9
25
24
9
8
23
44
42
16
53
58
44
41
18
17
22
13
23
19
8
9
9
9
8
9
9
13
11
37
14
12
10
28
29
35
51
10
11
9
11
9
9
9
10
21
27
26
30
10
9
18
31
10
60
83
77
87
26
9
13
23
33
63
25
37
37
18
9
12
15
33
23
11
11
10
14
36
18
23
24
15
11
20
45
13
9
9
10
13
12
9
9
10
9
14
19
12
11
13
11
10
16
9
17
14
8
9
9
11
15
15
8
9
8
Ping 15 at 1/8/2014 1:19:37 PM
8
8
8
5
9
7
8
8
8
8
8
8
8
8
8
7
9
8
8
8
8
9
9
8
8
8
8
8
8
8
8
8
8
8
8
8
7
8
8
7
8
8
8
8
8
8
8
8
8
8
8
8
8
8
8
8
8
8
8
9
8
8
8
9
14
9
10
62
34
44
30
10
8
14
25
32
34
20
10
8
9
8
8
9
8
8
9
8
8
14
9
8
8
9
9
14
19
9
8
8
9
8
9
8
9
8
10
11
13
9
11
8
8
10
665
1790
1783
1515
1863
1906
1252
1747
796
384
370
1251
728
957
751
416
162
293
621
643
614
404
475
220
603
481
443
477
455
437
74
239
426
736
859
392
457
348
115
36
262
477
423
439
346
232
324
253
214
214
180
223
225
186
195
122
201
342
387
271
346
297
453
275
505
855
541
143
83
190
467
369
288
295
333
624
552
479
307
482
661
517
572
228
45
287
162
118
97
90
35
48
49
39
81
80
60
40
166
219
75
150
29
162
146
129
72
133
168
166
218
159
54
67
110
132
86
179
199
102
238
269
318
215
495
523
187
499
652
317
466
353
312
445
520
243
305
289
269
225
307
275
249
369
221
131
63
26
73
91
36
16
87
29
124
182
61
50
30
100
225
230
172
119
73
22
58
116
65
27
54
104
166
72
13
8
16
19
19
19
22
21
62
67
64
105
116
91
48
18
32
64
87
55
31
15
16
21
15
43
37
56
26
22
23
35
68
54
32
17
29
16
14
26
46
70
115
96
22
12
8
13
16
11
12
11
25
22
38
16
10
32
49
62
48
10
13
8
9
22
50
37
21
11
16
11
8
9
8
14
18
23
17
23
41
53
60
34
37
27
49
34
9
9
21
26
10
16
23
11
8
10
12
15
10
8
17
13
11
17
13
10
21
15
8
8
9
12
9
10
9
23
33
11
9
10
9
22
9
9
14
8
9
8
17
10
11
8
9
Ping 16 at 1/8/2014 1:19:41 PM
8
8
8
5
10
7
8
9
9
8
8
8
8
7
8
8
8
8
8
8
8
8
8
8
8
8
8
8
8
8
8
8
8
8
8
8
8
7
8
8
8
10
12
8
8
8
8
8
8
8
8
8
8
8
9
10
13
11
8
8
8
11
9
9
8
12
22
21
10
9
13
20
12
8
8
8
8
10
8
9
8
17
20
12
8
21
10
8
8
9
8
9
11
9
9
21
11
10
8
10
11
9
8
8
10
9
9
10
11
9
8
9
10
19
642
1819
1851
1861
1795
1714
1758
1692
1401
1427
1464
1112
1605
1350
504
753
371
128
191
83
141
359
611
463
126
410
191
213
332
277
72
103
296
281
252
149
94
48
217
199
97
105
78
185
53
429
466
283
261
189
267
115
75
394
547
251
42
53
38
274
270
82
292
354
152
232
65
246
101
37
22
225
278
57
158
501
534
454
148
175
450
292
314
233
133
33
67
90
45
41
24
40
118
80
117
28
113
114
142
220
149
98
71
90
94
59
60
80
58
34
46
51
112
16
35
86
54
37
80
60
30
59
54
74
86
292
470
455
264
166
49
50
484
818
296
36
161
308
318
95
46
95
232
81
203
99
125
33
9
109
204
45
79
93
153
181
39
147
155
106
18
32
29
44
35
23
15
16
92
79
115
61
38
70
79
43
34
32
14
32
9
38
73
58
77
85
110
126
47
14
16
74
36
8
17
11
25
13
16
30
35
39
18
61
57
75
42
26
27
12
14
62
47
31
54
10
18
19
49
66
32
22
24
35
14
9
24
32
15
32
59
56
63
51
11
13
54
40
50
46
43
75
55
72
83
69
22
29
28
9
28
56
46
30
39
14
14
9
8
9
9
21
13
53
15
20
67
74
67
70
17
73
67
13
13
29
10
9
11
10
11
25
36
19
17
10
25
15
26
66
72
16
9
17
33
8
18
12
13
10
14
18
13
12
12
14
17
8
12
Ping 17 at 1/8/2014 1:19:44 PM
9
8
8
5
10
7
8
10
9
8
8
8
8
8
8
8
7
8
8
8
7
7
7
8
8
8
8
7
8
8
7
8
8
9
9
8
8
8
8
8
8
8
8
8
8
8
8
8
8
8
9
11
24
14
8
8
11
13
9
8
8
8
8
8
10
8
13
15
14
26
27
17
35
14
8
9
20
14
9
8
9
19
53
11
10
9
20
17
16
12
9
8
8
8
9
8
8
9
23
31
18
9
11
10
12
15
47
64
46
10
8
19
23
13
23
307
304
530
1376
1698
1685
1715
1758
1529
628
943
225
1528
1543
403
373
443
285
394
1465
1646
1635
1716
1355
659
1224
828
598
696
1285
1043
394
912
741
309
491
604
414
268
181
410
449
409
115
75
235
110
234
175
234
386
394
128
63
91
10
19
79
220
248
167
45
184
249
223
153
43
97
145
45
78
33
74
177
71
21
43
39
78
71
19
37
103
102
21
62
25
11
26
9
18
44
102
61
16
32
20
14
52
86
45
13
9
19
79
42
26
30
16
54
33
9
18
11
16
27
27
45
19
10
9
13
9
11
30
14
23
10
49
47
73
20
84
62
57
19
24
54
63
16
37
97
15
17
44
15
35
40
25
122
39
27
9
20
13
28
32
11
15
19
9
9
13
22
20
38
24
51
30
14
32
9
11
41
23
37
36
10
29
55
19
8
9
17
63
61
28
8
14
9
26
49
40
27
11
13
9
8
10
9
18
9
9
9
9
10
9
11
10
9
9
32
22
9
12
8
17
9
9
10
16
13
9
8
8
9
14
10
11
19
9
9
8
10
9
11
10
12
23
11
19
33
21
14
20
9
8
9
11
18
11
9
8
14
9
12
11
22
16
9
24
12
10
9
10
11
12
10
10
9
9
9
10
9
14
8
12
8
9
8
8
9
8
9
17
13
10
8
8
11
12
8
9
11
9
9
8
9
11
10
10
19
13
10
9
10
9
8
Ping 18 at 1/8/2014 1:19:48 PM
8
8
8
5
9
6
8
8
8
8
8
8
8
8
8
8
8
8
8
8
8
8
8
8
8
8
8
8
8
8
8
8
8
8
8
8
8
8
8
8
8
8
8
8
8
8
8
8
8
8
8
8
8
8
8
8
8
8
8
8
8
8
15
24
8
9
9
8
8
11
13
18
12
11
17
21
14
14
10
8
8
8
8
8
8
9
9
18
51
31
8
16
13
12
49
66
28
8
9
13
44
48
12
11
14
13
14
9
9
10
12
26
12
63
347
1667
1847
1840
1428
1494
1594
1284
1204
1769
1777
1730
1615
1362
785
562
1052
601
389
536
254
773
819
768
747
360
271
360
299
488
116
147
201
134
106
142
91
40
22
170
229
261
213
490
238
306
239
103
30
158
24
113
102
98
95
121
167
127
45
110
126
79
45
307
267
90
87
165
140
87
26
49
58
115
77
39
54
12
120
150
84
72
72
16
9
15
34
70
57
47
10
36
18
75
48
14
62
91
21
26
12
43
32
24
42
48
9
97
68
51
31
75
56
31
108
78
29
45
33
69
20
12
65
134
79
152
143
422
355
28
162
291
121
144
268
153
171
370
295
192
50
143
100
56
173
121
24
41
57
68
18
35
36
94
79
54
154
33
38
26
21
10
13
10
17
8
56
37
134
98
156
129
46
99
76
29
45
44
13
61
81
46
39
67
39
25
59
21
16
36
41
11
12
10
20
21
9
10
37
29
15
14
12
26
25
8
9
17
26
33
9
24
36
26
22
29
31
72
80
92
50
20
25
21
14
38
85
76
12
70
66
19
13
28
19
26
51
52
11
10
32
25
15
10
10
11
11
9
10
9
10
17
12
9
19
26
31
34
45
13
10
30
24
9
20
57
24
9
19
28
11
12
9
11
19
14
20
28
16
8
9
8
12
9
18
17
19
42
26
16
8
9
9
9
8
12
44
15
17
10
8
11
8
10
9
14
13
19
9
Ping 19 at 1/8/2014 1:19:52 PM
8
8
8
5
10
7
8
8
8
8
8
8
8
8
8
8
8
8
8
8
8
8
8
8
8
7
8
8
8
8
8
8
8
9
8
8
8
8
9
9
8
8
8
8
8
8
8
8
8
8
8
8
8
8
8
8
9
12
9
8
9
33
10
11
9
9
8
9
8
13
20
8
8
9
9
9
9
37
32
9
8
8
9
18
12
9
8
8
8
9
8
20
65
23
8
10
13
27
25
39
37
9
8
9
9
8
12
8
9
9
9
18
18
11
283
1390
1733
1805
1884
1844
1802
1257
814
205
770
1202
376
611
1308
1342
829
258
502
545
271
510
736
230
64
95
166
15
22
19
126
86
364
298
159
282
280
224
53
160
173
19
135
72
19
83
18
176
258
34
99
121
126
17
36
10
49
40
52
86
117
62
31
12
29
35
11
18
18
31
11
21
46
10
11
11
12
9
10
11
32
75
37
16
50
74
16
20
84
90
81
41
36
10
66
51
14
23
42
49
20
27
9
46
66
62
30
12
37
18
11
9
23
16
16
21
14
19
32
9
13
34
47
63
161
278
409
447
203
24
68
33
199
90
52
86
76
163
48
103
73
167
172
31
29
17
151
160
37
51
46
76
64
88
45
38
64
49
59
24
18
35
42
23
24
29
12
13
42
32
36
11
9
14
23
9
15
41
32
15
17
9
19
34
23
9
12
21
16
9
13
19
19
13
10
10
9
11
9
10
9
9
12
13
15
14
9
8
9
9
12
14
9
10
10
9
8
9
9
11
9
8
10
8
13
9
10
10
9
9
15
12
10
10
12
12
9
12
10
12
10
12
9
11
11
9
10
11
20
10
9
8
9
9
10
9
9
10
21
18
9
11
14
15
8
9
10
9
10
9
9
10
9
9
9
10
9
8
8
8
9
9
15
14
12
10
9
9
8
9
8
9
10
18
8
9
8
9
8
11
9
9
14
11
9
8
9
9
9
Ping 20 at 1/8/2014 1:19:56 PM
8
8
8
5
9
7
8
8
8
7
8
8
8
8
7
8
8
7
8
9
8
8
8
8
8
8
8
8
8
8
8
8
8
8
8
8
8
8
8
8
7
8
8
8
8
8
8
10
9
8
9
8
8
8
8
8
8
8
8
8
8
8
8
9
9
13
25
99
209
93
62
72
21
15
23
50
61
20
11
18
10
9
10
10
32
32
56
112
85
42
49
10
14
106
139
94
36
16
41
163
127
101
202
242
126
168
250
315
294
221
276
114
95
239
599
1689
1883
1718
1870
1875
1888
1813
1774
1289
1684
1139
480
1506
1508
1348
807
232
209
318
145
413
421
109
142
406
642
486
362
236
29
167
397
251
165
520
437
128
178
272
237
49
166
29
26
14
59
45
106
232
187
74
135
188
132
120
166
245
89
30
92
37
72
26
221
304
205
127
56
30
85
22
39
34
88
150
124
172
124
177
153
29
40
92
84
46
117
183
203
111
11
11
64
69
10
12
38
54
57
44
14
16
9
10
36
85
165
144
169
202
56
35
33
42
42
55
23
29
25
98
138
223
141
118
168
527
323
104
60
85
111
171
213
113
102
213
199
246
64
47
82
47
174
155
88
128
72
43
12
42
34
34
22
18
34
43
23
48
64
48
37
9
23
41
15
24
13
9
9
11
11
31
43
33
21
19
9
34
13
17
28
17
40
40
22
27
30
28
16
16
54
44
39
59
44
17
11
12
15
52
24
13
13
13
17
13
26
33
29
18
21
35
19
9
11
13
18
16
13
11
12
19
13
13
10
10
11
9
13
11
9
9
11
26
9
9
11
18
10
16
10
18
19
21
11
14
10
8
13
10
10
17
30
10
12
11
23
39
19
10
8
19
10
9
9
10
9
9
11
10
10
8
12
11
15
12
9
14
13
13
8
18
41
16
9
22
25
22
10
17
17
16
9
9
14
9
10
8
8
9
14
18
15
12
11
9
10
11
9
Ping 21 at 1/8/2014 1:19:59 PM
8
8
8
5
10
7
8
8
8
9
9
8
8
8
17
31
11
8
8
8
8
8
8
8
8
8
9
9
8
8
10
8
8
8
9
14
10
15
14
12
10
9
8
8
12
27
25
27
18
8
8
18
13
8
17
17
20
15
19
24
30
19
13
19
18
15
22
43
39
49
41
18
10
11
8
9
9
12
8
11
27
28
21
33
23
17
15
9
9
34
12
18
10
21
39
38
44
55
31
8
25
27
16
56
27
60
44
19
9
23
56
74
28
97
385
1260
1750
1428
1775
1514
979
1245
1752
1779
1640
983
288
781
692
174
790
996
531
288
178
332
379
507
309
111
87
105
311
298
338
157
142
301
205
250
390
195
82
100
76
287
224
134
153
175
115
167
90
50
67
14
42
47
217
77
19
101
59
77
48
41
54
135
78
82
119
74
32
58
41
28
36
56
58
44
18
16
51
89
161
121
11
46
27
74
34
84
183
116
19
23
35
20
29
12
10
11
10
26
18
15
9
31
45
32
22
18
11
10
9
9
11
25
17
20
34
38
11
9
12
11
19
19
190
75
416
181
196
262
210
256
101
88
115
34
93
187
73
191
69
113
84
56
84
28
50
36
38
11
33
41
28
62
58
51
69
42
13
14
40
35
28
38
17
37
41
22
12
32
11
9
8
9
14
15
8
9
9
9
9
11
34
16
9
9
8
15
24
45
25
8
9
14
19
13
9
20
17
11
11
14
15
9
10
9
11
18
14
11
10
8
9
14
13
13
21
21
12
9
11
17
12
14
9
10
10
9
11
9
10
10
9
9
11
9
9
14
12
10
11
14
9
9
12
8
13
8
8
13
19
13
13
12
23
8
11
12
9
12
15
26
35
9
15
9
8
12
9
12
9
9
8
10
11
19
13
10
12
13
9
10
9
8
9
10
9
9
9
10
9
8
9
10
8
9
8
9
9
9
9
8
8
9
9
9
11
9
9
Ping 22 at 1/8/2014 1:20:02 PM
9
8
8
5
9
7
8
9
8
8
8
15
16
8
8
8
19
25
8
7
8
8
7
8
8
20
41
16
8
8
9
13
8
8
8
8
8
8
8
8
8
8
8
8
8
8
8
8
8
10
8
8
8
8
8
8
8
8
8
8
13
23
8
22
13
8
8
27
29
10
8
8
9
9
8
8
8
8
8
8
9
8
8
10
22
19
19
54
61
40
18
20
27
25
9
8
8
8
9
9
9
8
8
8
8
8
8
12
9
9
9
12
10
18
1648
1840
1865
1500
1606
1839
1866
1768
1643
1236
825
689
671
559
392
722
275
262
420
221
157
204
189
288
399
386
327
227
50
161
123
160
227
184
56
295
351
261
127
276
73
148
103
44
36
60
43
80
35
229
355
136
102
116
32
92
56
112
99
147
128
151
158
129
76
14
65
35
24
31
47
11
9
13
18
13
15
14
22
163
134
94
74
40
78
96
57
140
70
15
18
32
34
33
47
26
11
50
39
18
40
16
37
9
27
9
21
14
17
16
24
8
9
17
28
32
37
24
13
11
24
32
38
249
574
457
242
123
641
570
642
503
193
106
175
60
134
177
65
47
136
44
33
77
78
74
119
116
14
31
17
30
73
132
108
40
21
10
17
8
8
20
63
73
33
13
71
68
28
49
99
81
99
33
24
106
145
191
193
97
108
197
173
14
92
107
81
129
26
23
113
108
140
174
291
354
229
109
111
42
99
121
98
93
31
178
254
143
269
142
59
119
117
239
624
621
556
433
373
659
520
555
372
327
103
138
135
107
129
454
447
426
460
240
220
442
339
295
235
172
190
299
301
322
495
511
549
412
315
357
210
62
78
238
257
149
23
63
63
32
45
29
61
102
53
57
92
107
49
40
60
14
18
27
96
70
78
48
120
238
196
174
85
70
205
251
180
108
36
10
36
96
92
170
184
156
62
59
61
20
91
81
52
16
61
111
42
78
70
Ping 23 at 1/8/2014 1:20:06 PM
9
8
8
5
9
7
8
9
8
8
7
8
15
18
8
8
8
8
8
7
8
8
8
8
8
8
8
8
8
8
8
8
8
8
7
8
8
8
8
8
8
8
8
8
8
8
8
8
8
8
7
8
8
8
8
12
16
8
8
8
8
8
8
8
8
8
8
8
13
9
8
8
8
8
8
8
8
8
8
29
34
8
8
9
8
8
9
9
8
8
9
10
15
9
8
9
16
13
9
9
9
11
8
9
9
8
8
11
12
9
13
8
10
135
1613
1830
1823
1221
380
1745
1727
1697
1642
716
1505
1276
1220
1107
1132
1536
1267
332
679
1257
793
310
131
157
138
313
426
284
85
36
75
106
108
139
450
622
326
49
63
40
49
99
143
17
135
102
106
159
111
117
49
86
54
13
46
140
115
148
90
13
86
71
89
87
37
72
89
43
54
20
43
50
19
51
31
35
78
60
17
17
12
17
17
13
23
16
45
30
16
12
16
15
30
74
78
72
40
13
11
28
55
21
10
9
25
31
13
32
76
60
102
120
27
28
52
17
13
45
64
81
39
70
121
209
144
319
443
652
122
388
830
546
248
89
238
89
41
40
112
81
40
122
36
25
95
68
70
74
52
13
26
10
18
38
99
73
15
29
31
16
10
9
16
26
30
14
11
11
24
48
46
44
10
9
9
9
11
16
26
23
15
26
24
32
13
12
13
10
9
10
8
10
11
22
11
12
12
9
9
10
11
9
27
50
28
20
37
18
9
19
23
9
19
10
25
10
8
18
96
77
35
39
33
33
63
50
11
9
9
31
35
21
63
16
18
33
41
21
34
20
10
16
28
28
11
11
23
44
24
9
12
11
25
26
24
49
46
11
8
15
10
9
9
23
9
12
13
9
10
20
9
18
11
13
9
9
9
13
8
14
20
16
9
8
9
9
17
9
10
8
13
15
20
27
18
14
9
10
9
9
9
9
9
16
13
9
9
21
16
Ping 24 at 1/8/2014 1:20:09 PM
8
8
8
5
9
7
9
12
9
8
8
8
8
8
8
8
8
8
8
8
8
8
8
8
8
8
8
8
11
9
8
11
8
8
8
8
11
8
8
9
9
9
9
18
24
18
20
26
21
20
18
9
10
8
9
17
10
11
8
8
11
14
24
38
32
37
12
8
8
9
10
12
10
10
9
9
20
14
8
8
11
9
8
12
36
9
17
18
9
11
16
10
27
9
49
62
54
38
27
9
11
10
29
46
39
13
30
40
48
51
12
48
40
9
628
1442
1566
1664
1444
1462
1831
1743
1735
1441
1517
1614
1434
1661
1424
516
843
707
134
673
460
415
398
250
563
1285
537
291
450
114
481
961
595
87
212
410
245
43
59
103
128
61
67
140
151
34
14
36
15
107
125
29
113
78
15
47
19
26
31
21
142
118
62
34
71
114
89
15
74
64
16
21
37
15
65
40
14
39
13
78
65
11
57
10
13
19
50
26
78
80
60
38
17
9
19
13
32
20
14
10
15
18
50
60
37
15
20
94
68
42
13
18
20
11
9
19
13
25
17
10
9
9
16
52
181
89
58
122
198
166
22
157
202
175
199
142
274
83
39
11
33
46
14
87
121
109
168
75
32
38
26
17
14
9
49
46
46
79
66
27
29
8
10
14
11
11
23
26
10
10
18
12
19
11
9
13
9
10
9
11
11
9
17
30
41
22
10
9
12
10
11
13
15
11
15
24
16
10
12
8
9
9
15
16
9
15
18
17
14
22
15
18
79
57
31
14
9
16
26
34
29
47
33
15
12
15
14
13
39
14
24
32
80
66
19
12
10
25
20
18
10
24
14
48
86
44
45
52
59
124
54
86
92
135
89
55
17
37
18
14
77
96
13
28
22
9
14
12
39
43
143
200
177
113
67
100
234
133
90
65
45
45
125
102
69
33
20
42
110
129
26
58
74
40
10
20
9
42
86
62
29
78
76
46
51
20
23
15
15
Ping 25 at 1/8/2014 1:20:12 PM
9
8
8
5
10
8
8
9
8
8
8
8
8
8
8
8
8
7
8
7
7
7
7
8
8
7
8
8
8
8
7
8
8
8
8
8
8
8
8
8
8
8
8
8
8
8
8
8
8
8
8
8
11
9
18
25
8
29
26
8
8
8
8
9
9
8
9
13
22
25
41
21
8
8
9
8
9
25
14
15
9
18
46
28
13
8
10
8
8
15
10
8
8
8
8
8
8
16
13
8
9
12
12
11
12
22
11
13
9
31
34
11
12
42
122
113
1280
1745
1699
914
1734
1790
1857
1839
1752
982
1152
1660
1352
498
806
652
1460
1467
1547
736
839
942
1011
579
543
906
739
318
172
49
264
246
372
277
333
95
97
76
95
155
101
367
250
163
120
190
168
306
168
50
29
95
317
259
70
108
57
139
179
216
27
33
106
95
56
86
126
121
53
38
67
15
53
12
65
77
115
18
32
21
9
24
77
73
100
39
26
13
40
19
58
60
113
81
24
96
62
153
97
15
27
10
10
22
85
45
19
40
30
83
105
42
9
32
21
13
77
124
92
151
157
50
10
14
54
81
129
93
65
93
16
77
22
18
15
48
14
32
11
26
86
122
112
119
177
200
218
89
124
148
41
17
46
18
107
118
14
47
109
101
55
15
71
53
153
178
63
26
16
36
90
96
39
46
49
18
60
46
23
10
40
34
10
24
39
37
19
14
23
10
21
84
57
15
16
48
53
18
71
24
11
44
43
114
141
91
23
40
113
61
9
18
9
12
8
11
37
31
36
84
71
27
9
47
65
84
34
31
39
9
18
27
82
85
52
24
10
16
24
9
16
32
50
23
32
18
16
10
18
20
11
10
29
13
18
43
110
94
46
46
46
22
49
51
34
31
37
25
9
10
17
21
26
10
41
19
11
18
9
10
9
25
10
17
14
14
10
20
32
9
8
8
35
67
58
46
12
20
34
16
13
36
12
10
14
15
10
Ping 26 at 1/8/2014 1:20:16 PM
8
8
8
5
9
7
8
8
8
8
8
8
8
8
8
8
8
8
7
7
7
8
8
7
7
8
8
8
8
8
8
8
8
8
8
8
8
8
8
8
8
8
8
8
8
8
8
8
8
8
8
8
8
8
8
8
8
8
8
8
8
8
8
8
8
8
8
8
9
9
8
8
24
12
8
8
8
8
9
8
13
8
8
8
8
8
9
8
8
8
8
13
9
8
9
19
38
22
10
13
17
23
108
138
89
55
28
42
19
31
34
40
19
10
1160
1489
1807
1757
1764
1741
1847
1404
1752
1729
1150
704
1567
1088
377
307
186
253
412
210
189
182
420
597
332
343
539
327
198
273
124
151
85
60
268
269
49
33
78
77
59
12
89
94
261
143
168
83
275
323
66
61
174
272
196
84
193
187
73
157
124
47
99
31
93
31
71
129
174
154
104
19
62
131
137
64
10
35
72
66
34
80
179
156
117
97
14
35
13
18
36
10
21
32
46
21
52
19
10
21
16
61
70
92
90
39
53
89
93
78
25
16
41
34
27
20
13
31
36
9
9
10
42
45
126
346
391
416
261
139
81
336
357
306
156
71
90
66
16
25
74
96
148
75
111
107
32
9
21
126
137
41
86
26
33
59
88
24
10
100
86
39
61
61
43
12
53
100
57
13
52
48
43
25
10
43
52
56
48
10
20
91
81
20
18
9
19
15
43
92
54
16
24
55
29
50
46
15
33
47
17
28
80
114
95
22
14
21
12
13
10
13
23
10
43
63
38
10
9
14
20
22
15
22
33
25
14
12
38
46
33
39
25
78
61
9
25
11
10
8
21
65
77
96
76
36
20
58
73
45
17
8
9
8
19
21
49
58
27
15
10
25
27
12
18
28
11
9
24
48
43
23
40
16
27
30
16
28
49
51
38
19
12
10
17
10
51
44
23
13
9
14
13
11
10
13
11
17
15
18
13
30
25
13
9
12
10
10
9
Ping 27 at 1/8/2014 1:20:19 PM
9
8
8
5
9
7
8
8
8
8
8
8
8
8
8
8
8
8
8
8
8
8
8
8
8
8
8
8
8
8
8
7
8
8
8
8
8
8
8
8
8
8
8
8
8
8
8
9
8
8
8
8
9
16
9
8
8
8
8
8
8
8
8
8
9
10
9
8
46
77
24
9
8
8
8
10
24
27
16
9
9
8
8
8
9
9
8
9
8
8
9
18
14
9
8
9
11
8
8
10
9
18
29
9
18
19
17
9
10
12
13
9
11
17
484
1673
1811
1817
485
1686
1747
1691
989
1551
1392
1132
1496
1104
508
160
331
382
122
337
515
470
675
282
29
142
94
321
289
18
166
217
255
116
208
256
240
213
64
79
210
156
34
147
116
265
100
58
33
17
58
65
75
118
17
94
94
140
71
9
17
17
66
21
15
23
58
10
10
64
53
39
20
10
23
54
55
34
49
76
80
15
8
11
26
30
29
61
137
79
82
77
99
8
19
51
29
9
9
9
9
36
52
16
12
10
12
15
8
9
24
14
23
37
35
21
9
9
11
10
11
27
44
28
119
169
202
420
455
474
444
304
416
112
102
268
130
153
126
164
117
38
89
15
23
26
43
43
56
49
14
40
31
45
35
14
22
48
54
17
9
10
10
12
13
17
13
25
15
22
27
32
35
52
83
37
33
19
23
32
19
10
11
13
13
46
18
12
9
9
10
11
9
9
8
12
19
8
8
13
12
9
14
11
15
12
9
9
10
12
8
8
11
11
9
17
12
9
8
9
13
17
15
9
10
8
8
9
9
9
10
8
9
17
14
10
9
8
8
11
9
8
9
9
9
12
9
10
9
10
8
14
13
9
9
9
11
10
10
10
9
9
16
9
8
8
10
17
14
9
11
12
8
9
16
9
9
8
12
9
10
9
8
8
9
9
9
9
10
10
11
9
10
8
8
9
10
15
9
13
9
9
8
9
10
9
10
9
9
Ping 28 at 1/8/2014 1:20:22 PM
10
8
8
5
9
7
8
8
8
8
7
8
8
8
8
8
8
9
26
20
8
8
8
7
8
8
8
8
8
8
8
8
8
8
8
8
8
8
7
8
8
8
9
9
8
8
8
8
8
8
8
8
8
8
8
8
8
9
8
8
12
13
13
8
10
21
27
78
43
51
59
93
88
67
58
8
18
13
32
32
31
13
10
11
9
8
9
19
45
26
21
33
12
97
97
120
164
39
13
17
40
115
225
157
154
88
61
157
154
125
155
33
75
45
1067
1744
1856
1317
1864
1835
1676
1144
1334
1090
272
649
707
1511
1224
1024
394
507
304
259
559
794
143
551
174
703
688
246
475
163
74
255
355
108
223
234
195
435
373
76
183
203
95
38
26
54
54
46
48
17
16
13
120
137
120
83
97
96
170
117
105
33
30
51
28
33
38
71
69
87
27
63
191
127
93
87
109
120
51
26
103
132
222
298
130
52
129
146
41
53
91
109
75
52
158
152
119
121
35
39
9
11
26
55
16
100
29
61
106
153
122
14
22
18
65
81
110
100
71
30
24
32
62
45
144
101
32
232
460
304
83
164
294
77
43
120
123
135
226
197
132
96
14
67
108
152
87
30
12
22
80
121
83
26
10
15
21
9
43
50
23
8
8
9
28
31
9
15
33
9
8
17
21
17
17
21
12
15
35
25
31
12
9
17
14
9
29
77
77
30
39
20
18
57
33
60
73
49
12
41
61
47
36
36
36
9
12
36
59
22
17
20
20
27
30
46
34
13
9
11
20
20
23
17
9
24
24
16
19
30
31
8
9
9
16
9
11
9
10
9
13
32
25
15
15
10
14
37
31
37
19
37
49
33
32
19
9
15
9
19
9
27
40
29
23
8
24
9
9
9
12
18
29
54
45
44
18
10
9
18
10
19
21
23
13
17
14
18
17
19
11
8
8
10
9
11
14
9
15
12
10
9
9
10
14
8
9
8
12
Ping 29 at 1/8/2014 1:20:26 PM
8
8
8
5
9
6
8
10
22
18
8
8
8
8
9
8
8
8
8
8
8
8
8
8
8
8
8
8
8
8
8
19
17
8
8
9
8
8
8
8
8
8
8
8
10
8
8
8
9
10
9
8
8
8
8
9
10
11
17
10
8
9
8
9
9
18
23
9
10
31
8
8
9
8
9
8
9
8
11
8
9
17
22
29
9
14
35
39
24
9
20
28
9
8
8
11
10
11
12
10
11
35
41
24
12
14
10
29
29
16
12
16
18
50
1711
1878
1880
1781
1814
1849
1823
1812
1251
772
946
997
502
416
644
605
238
878
852
681
587
765
610
373
240
453
386
212
499
498
143
189
225
195
374
613
342
38
225
303
165
21
183
284
59
120
56
126
230
153
41
33
54
38
30
15
15
45
77
30
10
23
48
17
18
18
53
49
77
84
16
15
60
46
44
79
73
32
8
8
17
25
11
11
23
11
52
197
164
51
13
10
35
23
8
9
20
19
11
11
11
14
10
13
20
10
9
20
35
18
41
21
12
17
10
28
24
30
35
17
13
21
52
286
450
361
228
481
272
213
310
334
348
370
251
276
350
104
61
80
180
80
104
82
51
41
44
73
61
27
15
17
9
12
12
21
28
46
29
49
32
14
21
9
10
8
16
60
14
10
11
11
11
11
14
9
10
10
9
25
27
8
10
14
9
9
14
28
16
14
11
14
9
12
18
10
9
9
12
9
8
10
8
14
8
9
9
8
8
9
9
9
9
10
10
15
14
8
10
9
8
11
8
10
8
9
10
14
10
14
14
9
10
9
12
10
12
9
9
8
9
9
14
9
8
9
10
9
9
9
9
18
9
15
10
8
9
9
10
9
14
9
12
8
15
9
12
16
8
10
10
8
8
9
17
9
15
8
8
8
11
9
10
9
9
9
8
9
9
11
11
16
10
9
8
9
11
8
9
9
9
9
8
9
10
8
8
8
9
Ping 30 at 1/8/2014 1:20:29 PM
10
8
8
5
9
7
8
9
8
8
7
8
8
8
8
8
8
8
7
8
7
8
8
7
7
7
8
7
8
7
8
8
7
8
8
8
8
8
8
8
8
7
8
8
8
8
8
8
8
8
8
8
8
8
8
8
8
8
9
8
10
13
8
8
8
8
8
8
8
8
8
8
8
8
8
8
8
8
8
8
8
8
8
8
8
8
8
8
8
8
8
12
29
16
8
8
8
9
8
15
13
10
8
8
9
11
9
12
8
9
9
9
10
100
1409
1780
1874
1867
1843
1722
1802
1747
1381
1681
1014
1460
1520
680
951
388
480
184
698
1607
1536
853
330
346
277
337
86
48
270
491
275
65
184
72
114
85
228
202
205
89
260
357
155
52
96
146
77
133
128
50
77
204
159
58
129
138
33
114
154
59
81
64
37
34
25
88
103
92
42
28
19
64
101
82
62
62
21
10
37
13
9
9
13
43
28
31
61
79
23
27
44
67
11
16
20
33
53
91
64
15
17
8
15
8
15
24
35
36
50
82
34
19
20
14
27
60
57
107
89
74
128
126
110
191
413
231
37
244
380
190
85
206
115
113
344
434
283
320
297
178
27
102
74
36
33
34
19
23
24
112
137
36
11
19
54
51
27
11
8
9
25
20
10
30
23
18
41
25
46
14
13
9
17
8
10
18
11
37
37
17
24
53
37
19
10
9
11
16
14
13
17
21
18
24
33
23
12
20
14
10
12
19
46
58
21
23
23
13
9
19
37
20
23
28
25
18
29
10
9
9
43
18
10
8
9
10
8
13
10
9
14
24
17
16
29
36
10
8
20
21
22
11
39
29
12
10
21
30
14
17
57
64
32
26
18
31
16
19
19
23
10
24
17
8
9
9
16
35
38
16
10
12
9
10
11
11
11
10
13
8
11
14
12
9
11
17
15
18
16
15
8
10
10
11
10
11
12
14
8
10
11
16
14
8
13
14
15
14
9
Ping 31 at 1/8/2014 1:20:33 PM
9
8
8
5
9
7
8
11
8
8
8
8
8
8
8
8
8
8
8
8
8
7
8
8
8
7
8
7
8
8
8
8
8
8
8
8
8
8
8
8
9
8
8
8
8
8
8
8
8
8
8
8
8
8
9
8
8
14
9
9
8
15
21
9
8
8
9
24
19
20
10
8
8
8
8
8
9
9
9
10
16
9
8
8
8
8
9
8
19
13
12
17
23
10
22
24
9
21
23
9
10
16
10
19
10
22
8
9
10
11
28
61
108
74
831
1803
1676
1608
1684
1671
1577
1790
825
472
1586
931
546
1060
769
448
825
1261
499
351
246
286
163
265
257
90
68
87
435
471
254
248
240
123
243
68
155
137
205
264
155
58
32
52
65
204
120
125
30
17
28
63
71
20
21
70
68
88
148
120
18
71
79
17
51
84
79
33
39
88
89
64
75
11
8
9
12
11
20
83
30
10
29
11
23
28
49
11
9
14
11
17
25
44
26
11
17
15
15
39
16
14
8
9
40
71
51
17
19
20
22
29
18
20
34
22
9
17
13
12
24
9
33
103
392
307
151
124
187
121
286
219
193
158
58
40
128
234
150
137
68
33
112
46
85
53
28
56
135
68
66
71
10
68
33
37
8
20
107
129
96
62
47
60
50
29
28
30
93
82
131
111
74
48
39
49
99
75
31
27
42
53
95
80
31
46
17
12
13
35
33
28
45
53
33
58
159
78
57
42
26
20
8
30
46
29
59
41
26
14
17
38
41
50
45
18
28
62
49
25
51
55
56
24
19
82
67
24
22
12
10
79
87
53
14
76
71
18
23
28
37
16
37
64
81
80
73
76
103
54
16
15
12
9
9
9
50
57
89
118
118
54
67
46
33
26
22
10
16
11
11
12
13
44
39
54
31
9
10
13
32
63
46
63
42
28
16
17
14
14
8
8
12
36
22
16
11
11
11
9
12
24
29
24
21
9
29
56
58
Ping 32 at 1/8/2014 1:20:37 PM
8
8
8
5
9
7
8
11
8
8
8
8
8
8
8
8
8
7
8
7
8
8
8
7
7
8
7
7
7
8
8
8
8
8
7
8
8
8
8
8
8
8
18
12
8
8
9
9
8
8
9
9
8
9
10
8
9
14
8
9
8
14
8
8
9
8
28
10
30
46
35
30
14
24
49
80
107
94
117
89
56
55
76
8
36
70
58
98
76
79
99
46
33
9
21
56
15
21
12
50
63
27
48
113
177
166
240
131
99
93
107
156
181
141
447
468
1811
1842
1874
1287
849
1717
1644
1630
1743
1130
1418
1266
521
1306
932
489
1011
717
250
596
934
760
660
606
162
749
719
571
299
200
374
76
384
651
426
79
184
275
306
257
217
29
69
71
75
55
58
232
177
81
122
284
343
138
47
161
80
41
9
35
103
107
33
80
109
45
155
49
166
240
41
109
158
61
30
78
59
43
72
93
45
13
10
31
30
44
66
41
33
63
35
24
34
12
61
74
19
29
27
50
133
231
227
173
152
56
29
15
22
17
16
12
69
127
82
46
88
114
64
30
55
54
106
218
187
164
39
262
122
35
40
78
69
69
63
23
44
80
78
168
189
105
97
262
215
85
57
114
61
11
54
14
19
111
127
51
13
11
14
12
13
10
10
15
56
69
50
45
34
39
9
16
18
14
12
10
12
40
53
50
27
13
9
9
26
18
9
22
14
17
33
43
64
24
34
48
33
17
13
10
23
34
16
40
22
14
10
10
10
21
22
9
35
15
9
19
19
14
37
10
24
9
42
43
38
14
11
9
9
9
17
38
13
13
19
9
9
11
9
20
17
19
38
18
9
13
9
9
10
9
16
14
31
14
16
10
14
9
27
13
9
19
10
9
11
13
9
13
16
13
11
14
37
20
11
10
9
9
15
23
27
14
9
10
9
12
10
21
9
11
8
9
18
16
21
13
10
9
11
11
9
10
9
9
11
9
14
Ping 33 at 1/8/2014 1:20:40 PM
8
8
8
4
9
6
8
9
8
8
8
8
8
8
7
8
8
8
7
7
7
7
8
8
8
8
8
7
7
8
8
9
8
7
8
8
8
8
8
8
8
8
8
8
9
8
8
8
9
9
9
8
8
10
10
10
8
9
8
8
9
24
19
8
9
10
9
8
8
13
33
11
9
12
32
12
10
42
26
10
8
14
8
8
18
9
35
67
34
28
8
14
37
9
27
35
42
51
13
9
10
11
84
125
34
9
29
39
17
19
40
48
50
285
829
1121
1716
1766
1579
1672
595
694
734
1122
1513
1146
479
992
554
1475
338
726
203
39
273
340
393
227
751
753
454
217
77
174
398
404
230
188
19
75
185
234
191
99
232
191
26
74
165
337
260
144
45
175
210
129
51
100
153
224
338
224
28
60
48
47
181
115
150
164
15
48
97
21
31
82
39
81
74
26
94
107
35
12
58
98
44
12
54
24
10
49
112
59
63
33
21
36
91
221
176
83
42
10
9
18
24
52
36
33
14
100
137
113
49
9
39
74
16
22
25
43
67
65
45
24
17
23
12
37
17
19
71
78
247
384
260
160
32
72
136
88
100
293
104
151
109
112
181
181
75
14
26
78
10
34
78
17
9
12
39
40
12
10
11
20
11
9
42
29
26
54
43
11
10
17
9
49
73
86
58
18
24
52
59
61
44
30
63
75
53
29
14
9
8
18
22
9
30
42
31
72
57
10
17
15
20
34
42
23
9
14
10
9
27
24
13
23
31
13
11
13
15
12
8
36
46
21
9
12
8
19
31
11
9
10
17
39
10
10
15
9
13
15
22
27
18
10
11
25
10
12
9
23
26
28
27
20
14
12
11
27
39
26
24
57
41
42
15
10
22
42
33
10
11
13
9
8
9
9
8
10
12
9
8
11
13
10
17
10
13
9
10
14
12
9
10
10
9
10
9
9
9
9
9
8
8
9
8
10
11
13
9
Ping 34 at 1/8/2014 1:20:44 PM
9
8
8
5
9
6
8
8
8
8
8
8
8
7
8
8
8
8
8
8
8
7
7
8
8
8
7
7
8
8
8
8
8
8
8
8
8
8
8
8
8
8
8
9
8
8
8
8
8
9
10
8
8
8
8
8
15
13
9
8
8
10
38
25
8
9
8
9
8
10
9
8
24
30
9
26
17
8
9
8
12
8
9
8
8
9
9
8
8
8
8
9
20
12
8
8
8
9
8
11
17
13
24
34
23
10
21
30
29
13
34
13
8
38
926
1457
1550
1798
1807
1811
1735
1685
1669
1544
1686
1109
377
450
806
1260
1605
1077
330
755
263
477
863
547
238
571
479
206
429
422
175
753
525
85
267
232
53
67
25
105
302
225
96
24
34
100
119
99
29
48
72
116
227
202
112
15
21
47
30
49
81
44
18
57
27
24
37
24
31
180
230
90
12
45
69
16
29
88
77
13
71
41
72
118
33
9
12
34
84
72
34
32
9
12
18
86
71
23
47
80
35
49
82
16
10
31
89
67
38
22
62
26
12
25
30
69
70
31
15
15
10
8
13
13
27
44
157
188
86
40
116
197
42
32
27
56
147
116
37
33
104
79
145
217
153
40
161
102
54
71
47
81
100
84
11
56
18
27
22
27
22
12
21
54
23
9
30
63
43
17
31
34
45
13
53
74
53
36
9
39
104
134
28
26
56
17
64
82
92
73
76
104
122
96
20
32
129
148
58
18
22
62
75
78
44
24
106
162
153
96
49
31
26
74
86
38
117
401
238
236
229
132
236
158
181
128
24
54
40
38
88
136
136
172
170
147
84
12
62
82
81
17
48
78
47
22
81
222
278
156
70
34
17
57
140
26
9
29
51
35
60
66
107
173
51
34
138
183
218
112
94
95
51
116
122
78
31
72
104
203
211
157
121
116
86
60
121
124
54
16
46
56
80
82
90
32
122
42
20
21
32
23
28
30
38
41
56
11
15
Ping 35 at 1/8/2014 1:20:48 PM
8
8
8
5
9
7
8
9
8
8
8
7
8
8
8
8
8
8
8
8
8
8
8
8
8
8
8
8
7
8
8
8
8
8
8
8
8
8
8
8
8
8
8
8
8
8
8
8
8
10
10
10
8
9
8
8
8
8
8
8
8
8
9
38
26
9
9
8
8
8
8
9
22
17
9
9
8
8
8
8
8
8
9
9
10
15
8
9
20
23
12
8
19
27
12
9
8
16
16
8
13
15
10
16
11
9
13
19
11
26
11
9
10
55
156
1575
1866
1298
1735
1889
1797
1740
1869
1855
1729
1682
1587
1353
304
46
480
310
561
570
945
346
98
183
221
96
142
361
297
435
325
155
100
173
256
212
115
85
190
243
98
268
404
188
82
278
257
111
57
45
76
125
32
130
170
64
164
152
55
33
94
83
117
172
80
115
89
57
18
79
73
41
121
72
26
34
41
17
109
139
98
35
130
213
232
76
12
48
84
33
109
81
36
255
262
69
15
89
86
36
9
96
116
34
89
38
14
60
168
266
219
125
68
177
191
130
27
47
58
117
102
348
263
161
193
55
223
243
385
395
475
372
198
437
438
69
219
240
332
578
476
218
178
223
489
288
270
235
263
308
225
417
19
133
110
82
60
11
84
162
25
147
265
260
158
124
45
27
39
79
66
17
11
76
141
134
156
230
41
26
98
184
145
65
42
66
38
11
19
36
24
71
138
37
20
27
151
180
135
86
157
177
37
23
40
18
132
112
55
34
91
113
90
30
24
108
63
59
127
74
59
34
65
52
55
127
146
130
113
85
30
139
76
101
44
38
18
36
12
51
36
36
40
133
176
82
41
23
74
84
43
39
23
34
39
42
41
31
70
33
68
35
45
104
53
10
13
27
47
108
96
31
14
28
53
9
26
106
80
53
23
16
9
11
14
32
20
20
54
20
20
10
10
44
74
24
20
21
24
28
21
53
23
15
41
81
45
8
14
Ping 36 at 1/8/2014 1:20:52 PM
13
8
8
4
9
6
8
9
8
8
8
8
8
8
7
8
8
13
17
8
8
8
8
8
8
7
7
8
8
8
8
7
8
8
8
7
8
8
8
8
8
8
9
8
8
8
8
8
8
8
8
8
8
8
8
8
8
8
8
8
8
8
8
8
8
8
8
8
25
81
49
9
8
8
8
9
24
60
39
9
14
9
8
8
8
8
8
8
8
9
9
16
19
9
8
10
10
13
11
9
9
15
16
9
8
9
8
9
9
8
13
9
8
18
1039
1056
1521
1807
1519
1835
1768
1602
1059
1687
1302
497
629
115
115
562
868
836
490
178
85
191
352
289
345
79
442
510
491
401
257
138
71
314
408
375
255
182
132
30
124
75
69
63
74
193
236
100
14
33
41
61
101
74
10
43
41
76
58
46
38
13
9
27
27
18
59
66
48
38
14
32
44
28
37
14
15
9
26
26
27
43
14
30
69
179
197
112
76
373
274
15
8
30
60
21
8
9
8
14
29
25
15
14
9
8
9
11
9
23
39
19
17
15
9
9
10
9
26
28
23
35
18
26
20
19
38
102
159
164
307
305
242
321
224
271
143
103
77
37
100
52
89
107
24
9
56
26
28
40
68
89
12
12
28
14
16
15
17
40
40
18
18
26
12
16
27
28
31
29
37
17
8
13
18
8
10
16
25
13
12
11
9
11
8
18
14
8
8
9
9
10
9
12
15
10
9
8
9
15
16
19
15
9
9
10
9
13
15
8
9
9
8
9
10
9
11
8
9
10
9
9
12
11
16
10
13
15
14
9
16
9
12
13
9
10
10
13
9
8
11
9
10
8
22
10
8
11
8
9
9
11
11
11
15
9
9
9
9
9
11
9
9
11
11
9
8
9
10
18
9
12
10
10
9
9
9
10
8
9
9
8
9
9
10
11
9
8
8
9
11
9
8
10
9
9
10
8
9
11
9
11
9
8
9
9
9
13
10
Ping 37 at 1/8/2014 1:20:56 PM
11
8
7
4
9
6
8
8
9
8
8
8
8
8
8
8
8
8
8
8
8
8
8
8
8
10
12
9
8
8
8
8
8
8
8
8
8
13
30
10
8
8
8
8
8
8
8
8
8
9
8
8
8
8
9
8
11
25
11
8
15
10
10
33
32
42
62
71
35
13
24
16
8
8
8
10
10
51
40
10
8
11
10
13
8
12
22
9
20
13
11
34
36
32
23
10
31
32
9
8
9
17
20
18
14
15
11
15
9
8
9
21
34
42
253
1673
1710
1713
1862
1789
1716
1801
1572
1475
1574
1614
1480
1026
352
281
960
303
344
644
767
447
203
73
188
135
269
282
28
197
189
45
166
63
187
259
218
290
123
78
147
195
183
316
295
175
141
111
93
106
75
28
104
77
63
25
43
10
15
24
30
29
20
112
146
52
38
40
82
64
15
9
18
43
34
32
9
10
11
26
41
17
44
22
96
199
101
19
103
130
18
30
9
8
10
9
11
14
24
20
24
29
9
12
24
35
40
14
17
31
52
45
28
8
9
12
41
52
31
16
61
34
17
24
71
298
364
60
103
167
200
134
86
82
219
189
95
85
73
74
60
58
96
68
102
82
15
11
18
71
46
19
90
121
25
55
27
25
37
52
57
13
10
8
18
17
16
16
16
9
8
9
11
36
12
11
32
27
10
9
12
9
9
17
31
25
15
11
9
10
9
10
9
16
18
9
14
9
10
9
9
10
10
9
9
9
10
9
9
9
10
9
8
9
9
9
13
9
9
10
13
9
9
9
9
8
9
9
9
8
9
14
9
14
9
9
9
17
13
9
8
9
9
9
13
10
9
8
9
13
10
9
13
17
9
10
8
11
13
9
12
11
9
8
8
8
14
8
18
17
9
10
8
9
8
9
9
9
9
9
9
9
9
8
15
10
12
15
9
9
8
10
9
12
9
9
8
11
9
9
9
9
15
10
15
9
9
8
10
Ping 38 at 1/8/2014 1:20:59 PM
10
8
8
5
9
6
8
8
8
8
8
8
8
8
8
7
8
8
9
9
8
8
8
8
8
8
8
8
8
8
8
8
8
8
7
8
8
8
8
7
8
8
8
8
8
8
8
7
8
8
8
8
8
8
8
9
10
8
8
8
8
8
8
8
8
8
8
9
8
8
8
8
8
8
8
8
8
8
9
8
8
8
8
9
8
8
8
8
8
8
9
8
11
32
36
9
8
9
8
8
8
11
10
9
8
14
14
10
12
9
9
8
9
309
621
1657
1873
1882
1796
1545
1755
1766
1762
1613
1490
1353
740
452
719
299
357
781
502
501
658
248
203
551
382
347
461
238
58
79
27
103
302
251
197
175
107
86
107
18
34
88
153
88
98
32
85
101
17
51
94
73
52
108
161
83
130
96
55
9
52
104
137
147
103
75
88
45
59
90
39
47
26
10
15
57
51
15
11
20
11
38
31
10
14
51
42
70
14
25
28
13
31
37
13
9
9
15
44
39
30
13
11
8
20
19
18
33
19
10
61
57
19
8
9
9
18
23
31
22
44
26
9
51
431
888
660
445
306
195
200
697
700
442
157
101
214
22
137
117
59
92
111
13
19
41
10
45
22
45
65
35
30
24
48
58
96
27
19
31
21
14
29
36
28
69
26
18
39
28
10
12
15
32
24
11
14
13
28
66
29
9
10
54
100
61
88
44
26
12
29
37
13
9
8
8
10
9
10
22
41
31
51
46
15
20
15
11
62
31
62
101
100
60
12
64
210
164
11
80
260
276
179
102
67
100
21
21
133
235
211
219
202
182
88
85
21
30
40
98
68
54
135
139
196
80
108
146
201
121
31
52
59
44
139
157
176
15
110
224
249
156
34
116
90
38
94
93
73
104
87
14
13
27
102
148
78
66
55
23
39
79
19
56
157
103
82
84
28
64
55
19
10
29
99
102
147
131
143
206
172
193
153
111
183
279
194
136
55
Ping 39 at 1/8/2014 1:21:03 PM
13
8
8
4
9
7
8
8
8
8
8
7
8
8
8
8
8
8
8
8
8
8
8
7
7
7
8
7
8
8
8
8
8
8
8
8
8
8
8
8
8
8
8
8
8
8
8
8
8
17
23
14
8
8
8
8
8
8
8
8
8
9
15
8
8
8
8
9
12
23
18
9
10
9
15
21
14
9
48
29
60
60
31
19
31
21
22
66
82
52
33
10
45
62
41
37
92
121
46
14
51
25
34
34
26
50
76
53
65
123
188
75
63
218
232
1724
1724
935
1506
1733
1785
1077
1793
1694
1690
1426
919
659
756
804
465
233
418
581
232
545
145
508
694
431
235
188
306
402
311
419
408
414
345
161
203
200
410
299
182
189
32
179
213
218
158
178
334
375
223
39
144
190
61
113
117
87
151
236
147
148
223
178
34
80
97
83
12
79
97
128
36
158
157
12
53
46
50
12
27
11
47
80
51
103
43
14
104
49
12
13
19
13
36
72
21
49
74
50
41
31
62
47
17
10
20
18
58
101
52
9
37
27
50
44
18
17
9
15
10
10
18
12
109
59
176
168
399
362
153
218
110
38
42
103
279
206
172
205
114
112
88
55
144
159
50
9
9
16
33
36
24
37
95
86
83
25
50
75
14
18
8
13
45
80
57
18
18
54
56
40
25
99
51
17
13
38
19
31
31
14
9
49
85
30
12
13
12
9
8
16
33
49
22
20
12
9
9
10
29
34
13
12
15
9
17
10
17
11
20
45
32
18
10
8
9
31
17
30
26
17
19
8
16
8
30
18
9
9
33
54
22
9
9
20
8
10
23
20
23
33
14
8
23
10
9
12
11
9
18
28
9
16
8
36
34
12
11
8
16
32
19
10
21
10
15
17
16
19
25
20
15
22
12
27
22
9
8
9
9
11
9
9
9
9
10
9
11
9
23
11
10
9
8
9
10
9
10
9
11
11
9
8
11
10
9
9
9
Ping 40 at 1/8/2014 1:21:07 PM
8
8
8
4
9
6
8
9
8
7
8
8
8
8
8
8
7
7
7
7
8
7
8
7
8
8
7
7
8
7
8
8
8
8
7
7
8
8
8
8
8
8
8
8
7
8
8
7
8
8
8
8
8
8
8
8
9
8
8
8
8
8
19
13
8
8
8
8
8
8
8
8
8
10
8
11
8
8
8
8
9
9
8
8
8
8
8
8
8
8
8
8
10
11
17
11
8
9
8
9
19
12
27
61
34
9
11
14
20
14
18
10
13
40
749
1167
1809
1841
1877
931
1663
1638
1549
1742
1736
1681
447
665
1117
1248
1413
1337
633
598
690
749
1045
1456
1015
190
431
132
57
121
26
28
306
220
113
89
99
164
129
224
79
102
151
160
131
53
72
39
53
29
86
139
64
41
71
71
63
105
74
37
25
103
85
20
44
21
69
75
82
70
34
25
22
164
174
99
96
33
91
114
133
87
10
21
17
20
23
24
8
22
87
53
16
41
64
64
62
57
66
16
55
50
8
8
14
46
56
70
98
70
36
13
11
14
13
37
58
44
23
14
10
14
9
14
50
21
45
166
214
354
531
341
296
337
330
172
129
101
260
154
58
176
77
10
46
167
68
70
146
134
40
25
23
50
23
48
78
22
32
67
56
25
12
19
21
10
14
10
55
36
8
20
13
34
24
29
17
13
43
28
8
13
10
18
37
33
9
18
14
18
28
16
13
54
19
16
48
32
20
9
34
64
43
41
15
9
18
9
10
14
32
35
14
9
10
19
30
23
21
18
25
15
9
9
8
22
24
38
41
35
10
11
21
57
36
9
9
9
18
17
9
10
9
19
13
12
19
18
9
9
14
33
39
21
10
21
34
10
41
22
9
17
17
11
9
8
17
17
8
15
8
8
13
8
9
11
11
11
9
9
13
19
8
9
10
9
9
11
11
14
14
11
10
9
9
10
11
8
8
8
9
11
12
11
10
9
10
8
9
Ping 41 at 1/8/2014 1:21:11 PM
11
8
8
4
9
7
8
7
8
8
8
8
8
8
8
8
9
9
8
8
9
8
8
8
8
8
8
8
8
8
9
9
8
11
9
14
13
8
8
8
8
8
8
8
8
7
9
8
9
10
25
13
9
9
8
16
17
17
18
8
8
9
12
21
19
14
19
17
9
25
24
23
42
10
8
13
28
13
11
32
11
18
44
27
23
18
10
11
8
8
13
40
32
22
27
21
9
28
45
73
47
32
14
19
38
36
45
67
38
13
10
10
14
17
602
1755
1873
1645
1905
1666
771
1820
1884
1084
1247
1275
1731
1705
1342
1109
990
511
335
229
655
524
79
316
361
402
422
670
650
353
379
121
66
16
103
118
265
218
37
162
289
285
431
273
98
57
188
141
207
309
64
384
241
134
213
82
10
14
56
102
53
91
78
65
12
69
150
218
195
80
21
75
116
28
61
45
58
19
77
96
55
13
36
20
28
43
28
9
19
14
89
61
113
96
54
152
86
18
34
83
34
42
45
16
8
14
12
23
16
45
17
22
42
58
43
9
15
24
13
52
39
16
46
20
9
147
177
85
256
438
257
256
284
159
222
182
103
205
172
33
36
17
14
9
19
32
53
198
136
73
25
16
33
11
28
68
85
37
8
16
17
24
18
49
15
8
44
78
75
31
66
98
12
11
39
77
49
12
51
38
33
19
8
9
9
16
15
12
8
8
10
15
17
11
9
8
9
12
9
9
9
14
13
38
148
235
192
137
79
37
48
69
71
92
132
137
48
23
12
15
88
122
62
12
23
32
19
74
143
204
190
111
32
117
103
71
163
249
175
29
209
213
15
22
65
41
181
280
273
132
200
215
146
118
46
115
102
155
193
228
320
207
182
54
130
200
304
340
81
140
354
293
230
63
150
107
197
368
198
44
11
13
24
114
147
238
216
155
67
10
52
19
70
64
41
116
203
164
101
12
37
52
151
111
57
42
144
199
207
Ping 42 at 1/8/2014 1:21:15 PM
10
8
8
4
9
6
8
9
8
8
8
8
8
8
7
8
8
8
8
8
8
8
7
7
8
8
8
8
8
8
7
7
7
8
8
8
8
8
8
8
8
8
8
8
8
8
8
8
8
8
8
8
8
8
8
9
9
8
8
8
8
8
8
8
8
8
14
8
19
31
27
27
20
17
14
10
8
8
9
13
19
13
9
12
8
8
8
8
8
8
8
13
28
16
19
8
8
8
9
9
8
9
10
17
20
9
9
9
8
10
9
9
9
26
1254
1777
1873
1884
1869
1794
1831
1767
1150
580
643
561
528
117
288
762
772
410
144
168
154
161
218
617
251
500
143
256
165
180
379
319
298
165
161
170
170
113
54
121
288
527
403
158
30
115
152
169
175
214
135
46
50
63
69
23
34
14
44
61
14
13
8
37
30
14
19
49
41
14
14
59
34
22
46
17
21
64
43
10
36
26
17
49
41
12
23
9
15
104
79
11
12
55
110
91
28
17
10
12
19
56
38
9
8
13
16
10
9
13
13
23
16
9
9
18
25
31
14
8
16
18
18
21
110
265
355
343
142
29
184
127
100
122
82
51
17
196
141
54
139
156
190
97
82
43
22
45
149
36
9
13
12
21
9
30
42
34
33
13
8
26
19
16
26
54
36
11
9
10
9
13
10
9
20
9
8
9
11
9
12
11
16
15
22
23
11
16
11
9
10
8
9
8
14
8
8
10
10
8
14
17
10
9
17
10
8
9
9
8
11
13
11
8
13
9
10
9
12
10
9
12
9
9
10
9
10
9
11
9
9
9
9
14
13
9
9
9
12
11
9
10
9
10
8
8
9
9
8
9
9
9
10
15
9
9
8
11
8
8
9
9
9
11
8
9
9
9
9
9
12
8
9
12
9
9
21
24
65
143
148
86
74
15
101
89
55
59
58
125
81
27
32
65
186
161
180
138
14
16
28
38
130
168
157
56
29
130
154
Ping 43 at 1/8/2014 1:21:19 PM
8
8
7
4
9
6
8
9
8
8
8
8
8
8
8
8
8
8
8
8
8
8
8
8
8
8
8
7
8
8
8
8
8
8
8
7
7
8
8
8
8
8
8
8
8
8
7
8
8
8
8
8
8
8
8
8
8
8
8
8
8
8
8
8
8
8
8
8
9
8
8
8
8
8
10
10
12
8
10
9
13
9
19
33
26
12
8
8
8
8
8
15
18
8
9
18
19
16
27
27
15
8
8
10
9
9
9
8
9
9
9
9
13
11
1391
1695
1706
1892
1720
1533
1462
1438
1657
1734
1402
544
269
1407
1572
812
549
783
650
197
164
391
466
304
60
282
606
317
58
306
220
49
177
208
96
46
59
34
82
52
167
231
68
13
75
156
170
142
191
260
208
45
95
125
74
39
65
16
53
45
8
36
144
208
104
280
108
43
205
123
12
94
90
179
50
66
206
186
43
59
139
192
153
123
119
93
132
88
33
177
28
164
269
77
70
45
73
75
123
34
161
300
214
207
133
25
107
340
382
177
37
113
182
124
19
39
48
11
55
139
124
45
135
143
409
360
500
531
732
441
486
453
202
425
695
425
204
305
102
109
211
186
291
118
190
216
89
29
109
132
152
139
26
60
52
34
19
67
47
50
127
80
21
54
33
159
281
225
252
132
137
150
146
131
90
118
84
145
256
227
159
29
153
95
102
62
14
91
54
67
117
145
131
32
10
80
56
42
38
20
19
130
193
121
96
98
88
31
16
25
49
41
43
72
37
22
55
48
26
16
19
26
49
140
53
46
36
10
13
45
48
42
21
83
68
38
25
20
39
9
9
14
8
8
29
13
13
17
11
18
26
17
14
9
28
56
23
42
81
58
9
10
12
41
49
10
24
19
22
15
20
15
15
38
50
30
67
56
43
9
19
13
15
76
66
37
11
19
30
29
22
15
8
9
12
9
30
27
19
10
13
10
15
10
9
13
10
46
50
Ping 44 at 1/8/2014 1:21:23 PM
8
8
8
4
9
6
8
9
8
8
8
8
8
8
8
8
8
8
8
7
8
8
8
8
7
7
7
8
8
8
7
7
8
7
7
7
8
7
8
8
8
7
7
8
8
8
8
8
8
8
8
8
8
8
8
8
8
8
8
8
8
8
8
7
8
8
8
8
8
8
8
8
8
8
8
9
10
8
8
9
8
8
9
8
8
8
8
8
8
8
8
9
9
8
8
8
9
11
8
8
8
9
9
11
9
9
9
9
9
11
9
10
13
10
1395
1741
1758
1352
1733
1749
1748
1875
1795
1220
1570
907
474
646
808
251
547
279
278
243
345
343
454
523
358
178
445
273
524
483
159
129
251
353
297
305
45
240
62
64
73
39
44
109
155
25
61
52
21
70
313
240
42
29
64
142
50
227
197
86
122
113
21
28
30
133
33
10
16
27
38
63
44
16
16
22
24
33
93
66
48
21
73
54
53
44
33
9
72
85
53
54
40
51
17
24
16
46
31
26
18
26
8
42
24
9
14
20
34
24
22
19
17
8
9
38
43
11
10
9
11
55
64
22
34
85
27
36
166
211
180
272
275
114
457
309
60
210
299
220
118
116
67
82
35
86
81
24
59
128
138
95
14
49
52
31
16
22
15
23
45
57
28
11
11
8
34
14
8
11
30
31
47
23
9
13
9
10
9
22
10
21
9
23
32
9
9
9
12
20
41
10
13
14
11
16
11
21
17
12
9
8
10
11
12
9
9
11
8
9
10
21
14
9
11
10
10
18
8
10
11
9
9
12
8
12
9
9
8
10
11
9
11
10
8
11
19
10
22
32
9
10
11
12
10
9
12
9
8
8
10
8
12
15
11
9
15
19
19
13
9
14
12
11
9
8
9
11
9
13
9
13
12
10
8
8
9
9
10
9
13
10
8
8
9
8
9
8
8
13
9
9
12
9
8
61
164
252
108
112
169
328
187
196
108
86
75
10
10
Ping 45 at 1/8/2014 1:21:27 PM
8
8
8
5
9
6
8
10
8
8
8
8
8
8
7
8
8
8
8
8
8
8
8
7
8
8
7
7
7
8
7
7
7
8
8
8
8
8
8
8
7
8
8
8
8
8
8
8
8
8
8
8
8
8
8
8
8
8
8
8
8
8
8
8
8
8
8
9
9
8
8
8
8
8
8
8
8
8
8
9
8
8
8
9
8
8
8
8
8
9
8
9
8
8
8
14
10
8
9
8
8
10
8
8
9
12
14
18
11
18
15
14
14
15
1121
1346
1869
1910
1758
1814
1201
1603
1630
924
1506
1436
505
398
686
713
602
492
220
17
40
18
125
310
255
251
219
117
162
627
535
133
153
261
247
110
12
17
78
85
89
125
171
83
22
9
9
108
207
58
42
76
52
237
82
133
73
102
95
63
86
19
156
121
101
89
172
65
32
27
51
190
175
146
74
51
9
36
27
57
117
136
146
91
24
44
27
9
29
46
36
63
60
17
23
17
10
29
68
30
11
60
10
22
12
12
11
28
22
63
48
43
25
11
10
46
63
27
8
47
20
21
18
18
133
155
204
418
237
304
88
275
340
299
67
60
112
206
84
26
209
169
42
25
19
41
30
79
40
14
14
24
43
49
15
9
13
21
22
29
47
26
21
33
49
66
69
71
40
35
45
63
75
63
14
29
32
29
43
16
8
14
10
12
28
17
34
27
17
11
9
13
13
13
10
11
19
21
12
9
9
10
23
16
8
9
38
12
10
10
8
9
11
12
19
15
8
8
11
16
14
9
22
23
9
14
12
13
9
12
9
8
14
12
33
13
9
20
29
28
11
9
11
10
13
11
17
8
14
9
12
13
26
18
12
9
8
13
17
12
15
22
22
18
26
24
18
14
8
9
8
12
9
14
8
10
9
9
9
19
8
10
9
9
14
9
11
10
14
15
15
12
10
9
9
11
8
9
8
11
9
8
12
9
11
11
8
9
10
Ping 46 at 1/8/2014 1:21:32 PM
8
8
8
4
9
6
8
8
8
8
8
8
8
7
7
7
8
8
8
8
7
7
8
7
8
8
7
8
8
7
8
8
8
8
8
8
8
8
8
8
8
8
8
8
8
8
7
8
8
8
8
8
8
8
8
8
8
11
8
8
8
8
8
9
8
8
8
8
8
8
9
9
8
8
8
8
8
8
8
8
8
8
8
8
9
9
9
8
8
8
12
27
17
8
9
8
9
8
10
8
8
11
8
18
11
9
26
9
8
11
15
10
8
40
702
1710
1832
1806
1879
1822
1187
1489
1558
1762
1067
312
1432
1709
990
348
1066
1120
723
456
607
292
65
393
583
385
215
169
342
492
399
317
224
195
124
320
220
37
145
135
183
104
58
182
112
235
116
62
65
99
47
152
140
50
74
143
146
277
315
207
248
95
248
342
532
692
849
527
569
402
527
328
486
400
324
42
108
247
119
24
102
92
116
93
198
180
164
208
224
100
33
30
10
134
108
108
200
198
146
91
79
183
90
9
15
13
26
41
98
188
92
21
32
17
9
14
89
139
99
119
43
123
244
401
172
98
214
51
129
336
400
300
62
14
63
19
34
203
171
36
57
85
56
29
154
138
112
104
63
50
152
248
176
165
121
72
31
22
71
119
31
62
27
10
11
27
60
62
35
72
84
191
189
178
77
150
38
92
130
44
9
22
57
72
79
40
55
52
14
9
29
26
13
37
45
57
19
23
10
31
16
22
79
117
84
72
79
59
33
25
13
8
14
14
22
41
14
52
87
89
43
41
63
45
19
30
35
16
20
70
18
28
21
11
9
16
50
20
11
20
15
10
9
30
35
9
8
19
9
8
11
8
14
42
39
36
17
15
10
14
14
19
18
38
48
53
10
9
9
8
8
8
10
33
33
13
9
25
36
11
18
14
9
9
13
10
9
10
15
22
12
9
10
11
10
9
9
22
40
33
13
9
15
12
14
12
9
18
10
Ping 47 at 1/8/2014 1:21:36 PM
9
8
8
5
9
6
8
9
8
8
8
8
8
8
8
8
7
8
8
9
8
8
7
7
8
8
7
7
8
8
8
8
8
8
8
7
8
8
8
8
8
8
8
8
8
8
8
8
8
8
8
7
8
8
8
8
8
8
8
8
8
8
8
9
9
8
9
29
31
9
8
8
8
8
15
17
8
8
8
9
9
8
8
8
8
8
9
9
8
8
15
19
10
8
9
10
9
13
18
19
20
8
8
14
12
31
17
15
9
8
8
13
9
19
1213
1799
1707
1794
1846
1818
1763
1331
1121
1359
700
737
1637
1660
1067
305
631
543
204
198
145
26
44
186
167
141
100
65
321
511
396
354
302
216
287
430
203
165
233
100
124
242
149
80
98
95
117
46
170
107
26
62
217
159
44
44
211
209
84
68
132
45
149
174
202
114
63
62
20
59
65
126
83
10
15
29
8
49
76
25
85
65
22
22
35
14
51
43
10
24
57
57
34
29
20
29
29
10
27
30
12
25
21
25
40
9
9
11
15
10
10
27
62
44
20
11
25
32
40
52
16
13
20
32
224
150
233
201
256
591
458
480
443
239
189
253
452
331
26
208
163
101
59
85
72
60
42
25
56
105
36
16
30
14
9
14
13
8
9
35
33
9
15
60
66
13
16
23
14
18
15
26
15
17
25
9
14
17
12
35
11
8
9
12
10
26
29
19
10
9
16
13
15
12
26
12
14
47
59
32
23
17
19
28
33
42
21
12
12
9
10
12
9
9
9
9
8
17
9
14
9
9
10
14
9
13
8
11
22
22
21
8
12
8
11
8
9
10
13
16
18
18
8
8
8
17
29
12
9
9
9
16
22
10
9
11
13
19
12
8
10
15
9
9
18
11
9
13
9
18
14
8
12
10
9
9
9
13
8
15
11
8
14
14
9
9
10
8
8
8
8
13
8
9
9
8
8
9
9
17
9
19
11
10
20
9
9
9
11
Ping 48 at 1/8/2014 1:21:40 PM
8
8
8
5
9
6
8
8
8
8
8
8
8
8
8
8
8
8
8
8
8
8
8
14
9
8
8
8
8
8
8
8
8
8
8
8
8
8
8
8
8
8
7
8
8
8
8
8
8
8
8
8
8
8
8
12
9
8
8
8
8
8
10
19
11
8
9
11
9
8
8
8
8
8
8
8
8
8
8
8
8
8
8
8
9
35
37
12
9
9
8
8
11
12
65
51
10
9
8
17
26
36
17
10
8
14
18
10
9
8
16
17
11
99
1030
1776
1792
1736
1749
1526
1294
1573
1444
1283
1395
1652
1428
562
149
455
374
232
94
464
630
606
402
73
487
411
265
52
235
248
169
656
709
476
381
211
246
345
443
371
153
48
55
124
67
129
116
37
141
52
17
14
10
112
186
43
59
86
36
59
55
32
27
22
75
66
41
56
26
23
104
112
91
35
48
53
39
10
13
17
15
13
66
54
46
11
43
116
126
85
55
40
21
12
70
25
13
14
11
34
44
15
13
62
39
50
95
51
130
85
23
40
73
78
73
12
24
31
18
57
21
16
10
14
176
378
192
369
692
399
154
545
481
52
186
159
57
107
146
41
18
65
40
115
246
231
63
11
33
85
71
62
55
66
118
70
25
43
44
33
59
89
54
124
160
126
83
97
52
125
35
59
161
193
153
157
113
97
88
30
98
153
71
116
183
127
104
33
10
36
99
79
25
47
39
13
11
38
10
15
35
25
45
74
57
53
69
39
116
82
21
27
14
55
80
96
45
63
119
55
14
29
73
68
42
83
89
66
96
110
97
161
124
44
10
49
49
43
86
9
16
50
77
32
19
12
13
18
14
18
17
21
99
87
90
136
165
73
26
65
31
37
20
39
76
30
65
25
18
30
10
22
23
28
18
9
10
20
54
13
27
32
23
30
31
11
79
39
9
12
38
11
10
8
8
8
9
33
50
11
28
39
44
30
15
27
39
31
9
Ping 49 at 1/8/2014 1:21:44 PM
9
8
8
5
9
6
8
8
8
8
8
8
8
7
7
8
8
8
8
7
7
8
7
8
8
8
8
7
8
8
8
8
8
8
7
7
7
8
8
8
8
8
8
8
8
8
8
7
8
8
8
8
8
8
8
8
8
8
8
8
8
8
8
8
8
8
8
8
8
8
8
8
8
8
8
8
8
9
8
8
8
8
9
9
8
8
9
8
9
8
8
9
8
9
22
19
15
19
30
18
9
8
9
8
8
15
9
10
8
9
9
11
11
87
1267
1814
1875
1684
1632
1807
1765
1706
1606
1704
1651
1643
943
1130
1133
891
350
1323
1261
953
209
495
96
288
622
792
385
232
91
172
108
420
499
84
189
201
31
34
21
15
104
44
26
81
111
59
85
327
142
44
21
79
116
199
141
98
68
134
207
118
133
99
99
106
221
241
174
61
14
25
69
119
68
16
20
16
41
40
48
18
13
26
56
69
79
82
142
125
46
102
90
52
40
14
19
81
94
72
66
35
77
71
53
57
18
54
63
102
82
13
43
15
25
61
27
8
13
21
12
60
60
23
41
69
182
273
125
364
452
259
262
117
76
245
329
199
111
178
190
110
62
108
172
136
13
28
82
74
62
94
57
12
11
36
18
11
15
83
84
25
10
25
11
10
9
24
73
57
10
13
10
25
63
29
13
11
15
14
41
45
28
23
39
22
9
25
25
9
9
9
8
8
9
15
32
17
9
8
14
11
8
9
9
20
17
10
14
13
8
8
18
18
13
9
19
21
10
19
22
28
15
8
8
17
24
22
11
19
21
20
13
10
8
10
15
10
13
9
14
23
12
13
9
24
21
14
9
9
9
12
9
15
10
16
9
10
21
23
9
18
18
14
18
12
13
9
9
11
11
26
15
9
11
11
9
14
12
10
10
9
10
10
10
13
10
8
9
8
15
10
9
10
9
13
11
11
8
10
9
9
10
9
8
12
12
9
8
9
9
Ping 50 at 1/8/2014 1:21:48 PM
9
8
8
4
9
6
8
8
8
8
8
8
8
8
7
8
8
8
8
7
7
8
8
7
8
7
7
7
7
7
7
7
7
7
7
8
7
7
8
8
8
8
8
8
8
8
8
8
8
8
8
8
8
8
7
8
8
8
8
8
8
8
8
8
8
8
8
8
8
8
8
8
8
8
8
8
8
8
8
8
8
9
8
8
20
18
8
9
9
9
8
10
9
10
9
8
9
8
12
12
8
9
10
9
24
25
10
11
11
9
25
36
22
62
1386
1796
1864
1883
1744
1062
811
1304
1774
1730
1098
405
223
406
803
1240
638
366
381
279
237
109
182
381
369
345
424
589
681
235
70
86
131
251
290
255
125
179
176
216
282
166
120
112
51
146
230
224
66
42
142
147
109
130
149
84
69
67
65
47
20
22
9
50
238
181
47
103
131
109
103
89
153
234
141
20
43
68
78
96
95
88
51
65
64
43
41
51
89
127
31
59
65
84
111
22
61
128
123
117
141
23
62
20
25
104
167
111
210
218
219
67
41
13
109
67
14
43
101
70
113
147
114
102
232
333
275
51
419
451
455
142
161
224
285
265
177
112
19
100
49
151
120
38
186
120
44
63
42
73
38
18
75
95
47
120
158
177
111
92
43
49
33
10
55
98
108
74
142
72
27
88
100
93
104
45
13
20
69
41
12
35
78
110
69
41
75
20
19
10
14
13
100
153
124
94
105
83
91
51
23
19
53
132
129
153
20
69
179
106
29
13
54
75
76
58
46
46
21
54
22
19
15
14
58
84
57
48
104
93
56
45
34
59
11
9
29
12
19
16
47
54
17
26
26
21
40
57
37
26
21
24
11
23
33
38
58
53
26
26
48
60
73
14
40
41
36
26
50
38
59
69
29
15
10
23
10
16
12
9
39
78
60
67
59
24
40
37
34
37
32
51
20
49
35
38
33
14
10
35
36
9
14
9
11
24
21
15
13
Ping 51 at 1/8/2014 1:21:53 PM
8
8
8
4
9
6
8
9
8
8
8
8
8
7
7
8
8
8
8
7
7
7
8
8
8
8
8
8
8
8
8
7
7
8
8
8
8
8
8
8
8
8
8
8
8
8
8
8
8
8
9
8
8
8
8
8
11
15
11
8
15
8
18
10
34
83
73
17
13
43
28
8
10
42
59
28
8
8
9
10
26
24
49
19
13
20
43
75
141
95
154
200
207
88
121
43
87
99
125
16
14
37
55
107
137
175
70
67
53
26
13
12
13
221
640
1785
1853
1853
1790
1782
1464
550
1529
1678
1346
845
101
1057
1072
184
68
323
315
342
99
702
496
240
314
341
443
269
510
301
308
545
270
55
78
106
72
39
68
85
344
158
289
288
276
334
340
260
168
73
56
63
131
49
26
132
181
261
91
89
34
14
34
52
39
40
89
93
35
24
21
56
139
17
46
65
66
88
86
112
131
101
144
141
69
53
100
63
27
44
46
35
78
145
69
12
32
43
35
38
71
61
24
113
82
33
83
30
47
15
11
12
24
30
10
50
103
162
89
71
68
61
33
49
334
473
359
563
587
518
195
215
321
69
122
184
155
104
109
49
180
211
171
53
11
15
30
9
14
11
51
37
35
21
63
51
76
21
72
58
10
28
24
27
165
115
27
15
28
72
81
42
18
9
9
10
8
20
18
13
26
28
23
19
31
9
9
9
19
22
12
9
9
16
15
10
11
8
12
19
16
10
25
15
10
11
9
14
34
41
53
76
28
10
10
22
36
26
38
32
54
48
27
32
40
35
14
9
37
32
45
62
58
24
12
18
25
28
19
21
9
9
9
30
46
32
24
67
41
10
9
30
52
35
11
8
23
30
45
28
28
29
9
27
15
18
10
10
9
20
10
9
12
15
11
20
11
9
9
9
13
10
9
11
9
38
9
9
12
9
21
10
16
27
10
11
8
15
16
8
9
9
8
18
14
9
10
8
10
Ping 52 at 1/8/2014 1:21:57 PM
8
8
8
4
9
6
8
9
8
8
8
8
8
8
8
8
8
8
8
8
7
8
8
8
8
8
7
7
7
8
8
8
8
8
8
8
8
8
8
7
8
8
8
7
8
8
8
8
8
8
8
8
8
8
8
9
8
8
8
11
8
8
8
8
9
9
8
8
8
8
8
8
8
8
8
9
8
8
8
8
8
9
8
9
25
23
37
10
8
9
8
9
11
24
24
11
8
12
17
8
10
9
9
9
9
18
20
12
8
10
8
10
9
190
1490
1880
1833
1860
1865
1831
561
1185
1610
1754
1600
671
337
540
563
569
350
294
212
774
864
612
204
206
314
226
214
311
45
99
82
72
145
75
411
119
165
182
48
119
171
20
65
104
58
78
238
204
237
236
100
51
74
53
86
96
33
32
66
96
35
43
33
9
32
137
137
39
64
59
24
35
30
12
10
82
132
68
40
35
58
85
72
28
12
21
19
12
20
12
20
28
23
28
51
68
10
22
23
9
29
31
57
88
28
34
14
13
83
42
8
9
9
18
29
41
45
13
20
31
21
49
43
88
329
351
321
235
156
191
420
418
486
187
118
145
164
242
263
112
51
52
36
34
44
130
99
57
35
49
46
29
53
40
67
33
22
41
29
16
33
31
22
49
28
19
10
13
28
17
26
20
22
10
10
18
26
10
9
18
16
16
11
9
9
9
10
25
21
28
39
41
11
8
8
15
36
18
14
16
9
9
14
13
14
10
9
23
17
11
27
20
17
17
15
19
28
20
19
12
11
12
9
8
16
41
65
40
26
19
16
9
8
14
14
20
9
8
15
8
9
8
13
9
9
9
8
8
11
14
27
8
12
23
30
24
14
11
10
13
9
9
12
9
10
31
50
29
29
19
10
8
10
9
10
24
33
25
9
18
26
37
63
78
109
81
18
14
69
117
47
11
11
9
23
27
39
25
26
20
15
20
24
15
16
17
37
82
55
Ping 53 at 1/8/2014 1:22:01 PM
8
8
8
4
9
6
8
9
9
8
9
8
8
8
8
8
8
7
8
8
8
9
9
8
8
8
8
8
8
8
8
8
8
8
8
9
9
8
8
8
8
8
8
8
8
8
8
8
16
13
8
8
12
15
8
8
18
32
38
29
26
8
13
26
8
9
8
8
25
33
42
10
31
20
9
9
24
36
11
42
33
12
29
41
10
9
16
9
26
35
42
33
36
10
8
12
21
38
14
9
36
30
18
19
12
8
39
54
91
64
28
35
65
98
1438
1604
1874
1899
714
1186
258
592
1099
1569
631
589
446
545
712
316
323
142
218
595
207
465
300
86
304
223
352
42
258
372
539
480
61
314
267
140
333
417
293
195
195
149
20
34
14
11
81
108
92
164
202
67
144
146
89
84
22
16
10
20
28
25
42
22
62
60
30
12
15
11
19
51
147
94
14
55
39
9
34
30
102
88
110
128
115
54
22
14
10
28
64
56
9
9
29
24
55
84
62
38
9
19
52
15
21
30
40
24
31
21
21
52
86
42
26
14
11
24
19
15
10
23
28
83
235
124
243
144
95
86
86
76
283
586
253
173
404
253
168
152
82
173
224
284
160
25
68
71
36
10
9
9
11
10
12
17
32
58
18
9
10
9
48
119
77
11
26
25
12
9
25
19
8
9
13
9
15
13
9
16
13
23
23
9
18
11
9
17
11
36
48
9
12
35
45
8
9
12
30
29
15
23
17
27
18
11
11
9
9
8
11
10
15
10
27
19
10
9
11
23
16
10
10
12
19
9
9
9
40
25
14
17
26
23
10
20
13
10
9
8
17
12
17
14
26
19
12
14
14
13
10
9
11
20
10
9
15
29
19
19
21
13
9
9
10
9
14
10
9
9
12
17
9
12
9
18
19
26
15
8
12
9
9
9
9
11
8
11
13
17
9
8
11
9
11
12
10
19
11
9
14
13
23
19
15
9
10
8
13
Ping 54 at 1/8/2014 1:22:06 PM
8
8
8
4
9
6
8
9
8
8
8
8
8
8
8
8
8
8
8
7
7
8
7
8
8
7
7
7
7
8
8
8
7
7
8
8
8
7
8
8
7
7
8
8
7
8
8
8
8
8
8
8
8
8
8
8
8
7
7
7
8
8
8
8
9
9
9
8
8
8
12
8
8
11
9
15
8
8
8
8
8
8
10
10
8
8
8
8
8
8
8
10
8
8
8
9
8
8
9
9
10
11
9
10
9
10
11
12
11
8
19
9
9
38
902
1766
1831
1882
1890
1810
1767
705
1077
302
949
1330
444
245
630
1201
1236
838
621
457
149
485
1011
469
539
571
752
337
326
71
209
157
51
85
195
148
57
116
59
74
49
62
58
232
314
103
121
87
112
42
89
129
108
28
24
46
25
52
51
59
48
104
88
65
28
38
79
118
110
24
9
23
50
34
25
12
41
66
99
106
41
22
78
34
26
23
22
14
60
37
12
17
35
25
10
31
23
22
52
127
92
17
19
27
9
24
58
50
61
79
42
21
9
16
11
14
11
9
40
63
12
17
12
44
67
44
165
250
56
232
464
531
296
169
188
252
113
73
136
108
112
162
225
65
76
104
26
85
74
22
39
24
13
18
65
52
24
36
22
18
8
13
8
9
17
12
19
23
9
25
36
17
9
13
38
24
11
15
41
30
9
12
21
32
11
36
33
9
11
25
56
105
25
41
49
38
19
12
8
11
20
19
13
12
21
8
24
18
12
25
45
36
21
16
65
68
36
13
55
81
50
65
35
16
9
9
13
11
28
30
70
70
66
100
84
34
23
12
13
16
103
167
192
250
185
154
78
10
41
14
31
48
64
52
83
103
34
28
88
91
85
70
101
100
52
116
121
24
13
89
108
162
192
51
15
41
191
203
172
137
126
107
23
65
124
259
165
235
83
18
35
158
203
175
156
141
44
36
94
118
134
139
68
30
66
78
88
11
48
Ping 55 at 1/8/2014 1:22:10 PM
9
8
8
4
9
6
8
8
8
8
8
8
8
8
8
8
8
9
9
10
9
8
7
7
8
8
7
8
8
8
8
8
8
8
8
7
8
8
8
8
8
8
8
8
7
7
8
8
8
8
8
8
7
8
8
8
26
45
13
8
8
13
8
11
8
17
8
25
12
24
9
19
15
8
8
9
8
8
8
8
8
8
9
8
8
8
8
8
8
9
8
9
8
8
15
11
9
9
9
11
8
8
10
13
14
10
9
9
8
8
15
9
9
12
217
1378
1613
1806
1877
1895
1822
1763
1504
1689
1413
1436
307
993
826
320
702
515
213
240
644
502
233
587
655
553
467
314
228
171
179
149
318
263
119
327
255
281
338
268
113
16
21
151
155
50
11
9
42
23
24
33
30
17
58
43
23
84
134
73
46
56
26
11
15
24
28
28
26
25
19
22
22
20
39
12
21
17
28
8
33
29
30
35
47
17
19
15
10
9
10
23
25
21
20
27
59
89
34
26
26
12
15
21
11
9
12
31
23
18
29
15
9
10
9
14
9
26
41
23
22
13
11
27
44
111
220
536
339
540
367
308
271
126
154
99
13
28
87
102
13
137
110
86
38
48
9
21
20
9
16
18
9
22
25
8
9
9
8
9
11
17
38
19
15
13
8
19
9
8
8
8
9
13
28
11
16
9
9
15
20
12
10
9
9
9
8
10
8
11
9
10
9
9
9
9
14
18
14
12
9
9
8
8
12
12
9
9
9
8
9
8
8
11
8
8
9
8
8
12
8
11
9
9
10
8
8
12
8
9
8
10
9
9
8
8
9
13
9
8
9
8
8
10
9
13
9
16
8
9
9
15
18
9
9
13
9
9
9
15
12
8
9
9
12
9
8
10
10
14
9
9
8
9
8
15
9
13
13
8
9
8
8
9
8
9
9
10
8
9
9
9
11
9
8
9
8
12
8
9
9
13
8
10
10
8
10
11
9
Ping 56 at 1/8/2014 1:22:14 PM
8
8
8
5
9
6
8
9
8
8
8
8
8
8
8
8
9
8
9
14
9
8
8
8
9
8
8
8
7
9
9
8
8
8
7
8
8
8
8
8
8
8
8
8
8
15
45
32
9
8
9
8
9
22
23
17
8
8
8
11
8
11
9
37
47
36
81
117
95
55
8
8
8
8
16
26
29
48
10
8
9
27
44
32
15
12
9
10
19
19
16
19
15
9
8
21
25
32
42
17
66
22
8
12
9
9
26
13
15
37
20
32
17
114
988
1863
1749
1885
1874
1449
1754
1024
1569
1450
1083
394
759
461
727
775
285
120
381
700
486
149
153
361
354
225
366
236
177
581
519
427
133
27
76
42
64
30
110
102
23
120
145
75
129
144
182
174
77
80
130
54
319
378
144
9
23
25
58
13
24
13
41
59
11
20
47
14
70
112
80
57
53
10
14
60
29
63
41
12
9
23
11
110
157
111
112
70
146
34
24
65
15
36
28
19
32
21
24
21
50
20
9
8
10
41
93
80
22
11
9
31
21
10
11
19
13
10
21
12
8
19
48
118
292
388
406
292
361
351
89
247
242
287
106
154
157
34
11
110
151
105
22
125
134
71
55
61
43
95
63
16
10
13
17
66
99
64
28
16
12
21
49
19
13
27
9
16
57
190
244
201
147
216
144
91
67
32
68
54
9
9
9
12
38
87
35
32
37
50
38
18
39
63
258
284
119
194
144
77
66
108
59
82
82
75
145
508
446
316
293
189
107
106
230
143
152
137
101
108
68
63
127
170
162
196
354
377
390
371
573
546
155
229
346
530
274
332
149
188
278
354
119
95
34
16
14
16
82
96
109
41
33
162
154
67
84
85
76
95
89
181
205
56
8
8
30
84
154
125
18
27
126
122
70
13
31
46
10
18
11
11
20
10
41
113
179
146
98
47
18
32
176
280
347
309
205
35
33
163
130
156
137
215
231
145
116
29
14
Ping 57 at 1/8/2014 1:22:19 PM
9
7
8
4
9
6
8
10
8
8
8
8
8
7
8
8
7
8
8
8
8
8
8
8
8
8
7
7
8
8
8
8
8
8
8
8
8
8
8
7
7
8
8
8
8
10
8
10
9
8
8
8
8
8
8
8
8
8
8
8
8
8
8
8
11
8
8
8
8
8
8
8
8
8
8
8
9
9
8
8
8
8
8
8
8
14
9
8
8
9
9
10
18
9
17
9
10
8
11
8
9
15
13
11
8
10
18
10
20
10
23
43
14
184
408
803
1720
1732
1809
1823
1602
1174
1751
1805
1342
262
828
1421
643
270
284
282
270
232
171
625
699
700
114
561
504
219
50
451
490
418
383
219
180
127
523
313
122
134
177
245
291
128
132
188
267
113
81
120
205
282
174
132
126
56
85
119
131
80
16
13
39
55
39
21
53
99
113
60
74
57
162
108
18
30
71
65
25
16
41
55
40
13
19
52
34
8
14
9
35
48
18
14
19
64
73
37
52
74
40
14
30
53
53
19
15
8
11
9
18
9
12
18
9
9
10
22
23
9
22
14
10
37
158
93
149
557
703
346
406
541
443
182
142
65
150
144
142
80
192
289
179
60
79
158
145
135
145
28
139
110
70
64
55
64
82
32
21
16
28
31
14
16
24
9
15
10
12
9
9
9
12
9
21
8
11
8
9
11
14
22
16
12
33
17
45
33
8
9
8
8
11
36
18
12
27
13
9
10
9
10
8
8
15
14
10
9
10
13
9
9
13
13
12
14
13
8
23
16
42
17
11
21
64
45
10
11
31
34
15
8
16
9
8
9
13
10
12
9
8
11
8
11
21
24
13
19
19
9
10
9
13
18
25
30
17
9
9
12
10
9
9
9
13
13
23
31
16
11
17
9
11
18
16
9
9
12
9
12
8
8
8
8
8
12
11
11
9
9
9
12
10
11
17
9
9
8
8
11
9
10
13
13
12
9
9
12
9
Ping 58 at 1/8/2014 1:22:23 PM
9
8
8
4
9
6
8
9
8
8
8
8
8
8
8
8
8
7
8
7
7
7
7
8
8
7
8
7
8
9
9
8
7
7
7
8
8
7
7
8
8
8
8
8
8
7
7
8
8
8
8
8
7
8
8
8
8
8
8
8
8
8
8
8
8
8
8
8
8
8
8
8
8
8
8
8
8
8
8
8
8
11
16
9
8
8
8
8
8
8
8
8
10
8
8
9
10
8
9
32
35
17
11
8
8
8
19
11
9
8
17
13
8
104
1301
1778
1878
1757
1725
1851
1837
1837
1611
466
441
440
765
210
311
1004
381
680
661
605
376
359
561
504
539
556
396
195
152
284
464
282
148
139
203
131
15
56
146
189
216
187
286
86
77
133
243
294
193
146
93
54
55
22
122
110
339
153
36
232
181
85
83
247
252
167
81
101
222
30
161
287
397
231
331
217
122
253
160
195
85
43
15
65
29
50
152
56
121
105
29
100
31
12
20
36
13
62
113
78
59
62
88
43
74
72
46
26
192
141
50
132
202
200
48
51
63
50
71
169
141
62
114
190
365
295
258
439
340
330
453
285
51
245
375
425
259
115
25
16
10
51
67
51
46
86
174
215
53
58
111
64
21
43
28
92
183
84
54
119
87
53
15
44
31
10
19
9
8
11
23
42
27
19
44
55
44
27
64
106
83
101
87
83
66
74
33
34
91
113
82
56
55
20
40
130
126
97
73
83
73
79
39
89
84
12
37
16
36
14
12
16
9
16
16
24
30
43
74
44
32
41
64
69
66
63
20
10
13
26
65
47
59
17
45
40
30
30
9
12
27
12
38
28
46
81
28
20
10
11
9
10
11
8
9
27
14
21
9
8
23
22
19
19
30
19
9
42
26
28
22
9
10
8
19
15
11
25
13
9
29
40
25
12
21
14
18
11
13
28
12
28
29
17
62
46
9
12
18
11
8
12
9
10
8
10
11
9
18
Ping 59 at 1/8/2014 1:22:27 PM
8
8
7
5
9
6
8
8
8
8
8
8
8
7
7
8
8
7
8
8
8
9
8
8
8
8
7
8
8
8
8
8
8
8
8
7
8
8
8
8
9
12
13
19
14
8
8
8
8
8
8
8
8
8
8
8
11
27
23
8
24
47
30
8
8
8
8
8
10
25
14
11
8
15
10
11
24
24
52
59
19
15
54
67
57
22
8
31
35
54
22
19
14
71
57
12
63
56
46
34
22
76
80
117
149
97
157
94
79
146
107
89
17
36
504
1746
1871
1879
1893
1790
1722
1132
1045
523
1084
1634
1576
890
144
133
408
389
183
488
472
312
107
133
508
184
396
414
84
429
237
254
201
212
421
319
271
32
142
73
122
134
181
181
140
62
32
38
122
75
129
211
204
24
16
75
127
125
179
89
72
204
164
11
121
189
85
34
88
153
41
17
55
229
189
20
97
61
55
130
76
171
141
34
26
90
257
201
101
22
89
39
16
41
51
11
16
10
34
33
56
39
12
17
81
46
27
18
8
13
36
18
18
17
98
27
13
49
39
9
41
93
39
59
252
253
407
364
603
557
199
100
136
211
221
82
64
65
85
52
99
246
322
158
125
131
32
120
25
73
100
269
69
83
20
96
65
25
55
72
32
19
10
43
41
19
31
76
16
17
9
9
12
51
82
36
47
31
21
16
77
88
47
37
76
52
15
26
57
26
12
10
49
82
47
18
12
9
9
14
10
12
11
41
56
16
8
9
36
65
25
44
88
32
9
18
48
44
33
47
48
14
30
10
11
13
16
14
38
51
34
18
18
17
15
24
13
27
26
20
25
11
18
17
9
9
12
24
22
10
43
50
26
17
52
14
26
24
32
12
37
65
17
13
13
30
37
8
11
10
15
28
37
11
9
14
12
8
9
17
19
13
22
17
9
11
15
9
9
14
11
8
9
11
9
9
14
9
11
16
10
17
9
9
9
13
10
17
10
Ping 60 at 1/8/2014 1:22:32 PM
8
8
8
4
9
6
8
8
8
8
8
8
8
8
8
7
8
8
8
8
8
8
8
8
8
8
8
7
8
8
8
8
7
8
8
8
8
8
7
8
7
8
7
8
8
8
8
8
8
8
7
8
8
8
8
8
8
8
8
8
8
28
20
8
8
8
8
8
8
8
8
8
8
8
8
9
10
9
9
13
10
10
8
8
8
9
8
9
8
8
9
8
8
10
18
16
10
8
8
8
9
16
9
8
12
9
14
9
8
9
8
8
10
44
862
1544
1828
1856
1862
1880
1445
1756
1747
1524
1624
1480
499
809
273
73
144
170
280
437
66
709
842
260
221
106
357
277
172
105
247
567
310
85
221
304
196
63
39
52
169
181
111
82
98
149
140
19
16
103
134
33
55
133
277
241
90
25
12
16
30
9
17
14
52
96
82
13
16
9
60
35
35
14
34
33
130
105
47
34
27
74
45
44
11
22
53
21
36
24
84
64
34
9
15
46
64
42
8
9
9
20
62
23
14
28
12
39
71
49
20
12
43
99
37
14
23
18
27
68
45
25
11
9
141
331
323
150
449
297
114
117
70
30
104
226
117
61
105
87
50
26
84
50
25
17
89
171
61
23
34
25
50
28
86
78
34
35
53
11
30
9
21
28
31
70
15
33
53
17
19
63
48
14
16
17
9
13
9
12
10
16
12
21
39
24
17
9
18
9
9
9
14
9
14
17
9
8
8
29
48
28
24
9
15
21
45
42
73
41
58
49
46
65
45
19
12
8
15
18
20
11
10
13
18
30
45
22
13
15
9
9
11
16
21
30
25
19
22
20
58
152
164
113
48
46
59
53
42
51
10
18
15
9
11
9
33
60
71
31
41
34
23
60
32
30
15
85
45
24
119
159
175
142
152
108
94
32
54
114
203
143
20
50
24
60
22
61
72
15
23
43
17
14
26
21
98
126
223
238
171
274
186
75
86
10
95
35
17
