Ping 1 at Tue Dec 10 09:20:14 PST 2013
7
6
7
7
6
6
7
6
7
7
7
7
7
7
7
7
7
7
7
7
7
7
7
7
7
7
7
7
7
7
7
7
7
7
8
7
7
8
8
8
8
8
9
8
9
9
9
10
10
10
11
11
20
18
21
21
22
31
31
28
47
40
34
48
31
45
48
57
57
61
67
69
77
87
83
89
97
98
95
100
100
107
97
126
118
127
114
136
131
160
160
174
175
164
155
252
266
196
259
222
269
272
305
317
290
269
342
349
317
483
386
339
457
433
459
473
541
552
493
451
593
499
622
510
489
564
825
430
629
529
596
662
490
481
519
565
397
715
492
550
425
543
512
513
512
532
564
481
426
450
529
473
604
607
521
503
516
540
501
441
372
466
579
414
568
495
610
631
504
666
569
539
485
542
404
499
478
588
542
708
483
855
602
606
768
432
564
589
445
497
530
563
393
572
530
460
554
609
507
496
683
515
423
521
424
516
463
404
617
590
484
736
601
485
498
583
429
617
429
554
578
401
796
568
558
415
610
471
644
431
552
480
573
764
609
456
695
522
511
509
575
523
563
664
468
404
421
644
399
611
437
569
395
615
356
584
560
710
608
662
532
683
478
565
533
625
635
606
706
578
612
504
475
706
474
623
515
596
704
643
390
439
453
619
600
471
476
665
409
605
505
496
456
567
757
458
427
534
548
570
533
407
485
535
654
558
509
535
507
404
583
558
447
596
411
561
471
486
598
458
547
496
547
534
619
598
456
657
448
553
536
612
674
424
770
485
446
585
480
511
536
507
639
512
569
361
717
447
556
560
503
471
849
633
431
513
554
461
529
408
511
437
613
532
536
540
591
435
557
514
359
569
539
550
540
571
505
522
469
574
491
533
558
548
622
526
465
390
579
464
501
424
561
394
461
478
557
628
566
562
474
536
744
424
560
504
484
469
446
479
505
483
746
628
463
534
601
513
524
436
568
479
587
Ping 2 at Tue Dec 10 09:20:19 PST 2013
7
6
7
7
6
7
7
7
7
7
7
7
7
7
7
7
7
7
7
7
7
8
7
7
7
7
7
7
7
7
7
7
7
7
7
7
8
7
8
8
8
8
8
9
9
9
10
9
9
10
12
10
12
19
20
19
32
18
34
40
41
47
47
50
49
57
62
62
61
60
71
76
83
92
90
97
108
100
97
100
103
115
126
124
146
115
151
143
142
167
141
149
167
186
189
196
235
276
264
248
299
282
314
346
297
366
333
323
371
330
400
380
595
413
418
463
415
510
609
449
852
614
526
468
587
446
549
665
485
771
737
898
441
700
485
539
634
452
505
474
580
522
519
470
912
500
791
579
771
449
772
534
636
470
413
423
616
538
520
653
596
423
630
647
430
478
417
684
526
563
668
856
706
449
538
681
445
552
608
433
730
495
437
626
874
581
488
817
744
458
618
633
666
509
588
695
416
544
456
500
554
595
641
566
399
669
655
537
553
551
536
532
552
600
526
472
503
670
692
538
565
679
761
588
590
824
722
414
622
529
513
582
710
445
808
699
662
625
572
633
673
738
499
602
517
447
626
541
694
487
441
785
396
542
661
491
541
701
687
430
406
508
456
550
444
618
551
490
587
580
534
493
545
651
554
641
446
558
716
675
826
524
544
533
497
483
499
621
751
531
631
614
730
523
485
587
472
666
609
654
452
574
460
506
447
608
456
563
464
593
456
643
501
603
605
510
575
564
723
569
487
607
755
803
526
521
648
517
668
537
681
674
522
804
660
543
638
630
448
547
600
621
449
588
564
653
502
525
624
501
531
421
634
632
457
808
684
360
363
927
603
570
529
372
443
609
790
525
543
431
772
684
696
700
503
672
652
461
586
483
641
459
603
531
511
560
662
427
709
558
488
481
522
568
470
728
585
539
695
642
628
949
459
518
459
404
782
701
681
612
538
455
407
441
586
412
662
519
437
557
512
563
345
Ping 3 at Tue Dec 10 09:20:23 PST 2013
7
6
6
7
6
6
7
7
7
7
7
7
7
7
7
7
7
7
7
7
7
7
7
7
7
7
7
7
7
7
7
7
7
7
7
7
7
8
8
8
8
8
8
9
9
9
9
9
10
12
10
13
11
17
19
11
31
30
27
24
37
37
33
54
54
50
55
68
64
76
73
74
80
86
88
87
96
88
98
94
118
116
118
121
121
105
119
129
189
181
176
187
214
192
191
196
219
246
235
298
277
294
284
326
338
415
322
328
450
347
542
512
496
437
564
529
548
470
617
445
464
525
554
644
543
443
483
552
479
663
741
450
570
480
595
671
408
657
802
636
453
623
665
749
549
541
642
623
551
676
433
536
647
630
818
631
520
537
564
468
436
537
648
684
542
557
752
526
909
530
771
568
454
593
704
560
519
433
501
488
614
623
564
584
545
581
543
835
630
834
571
641
613
579
706
416
506
461
515
507
522
551
642
437
413
551
552
594
677
651
540
576
493
649
621
531
557
494
541
731
673
495
739
756
596
568
577
548
657
478
761
702
574
667
382
670
621
404
593
717
523
524
684
739
797
550
788
835
594
401
456
567
558
767
813
564
838
393
476
558
652
624
651
398
554
526
463
420
824
489
663
794
441
694
526
562
718
538
605
582
604
570
657
616
457
666
381
575
929
553
609
583
478
682
525
530
645
502
588
493
571
434
549
835
515
658
548
615
609
753
455
514
634
668
409
615
616
460
455
621
417
471
728
374
630
499
468
691
485
623
600
495
591
608
519
497
462
619
482
544
451
509
615
567
637
641
532
488
574
586
443
480
560
662
640
380
610
753
580
506
721
580
500
505
539
654
555
428
467
468
610
707
525
464
594
640
519
660
443
547
936
598
536
570
668
527
589
446
651
507
763
671
556
620
380
645
654
497
587
488
451
578
527
521
511
694
379
640
550
473
742
432
607
498
661
634
596
528
582
526
572
696
490
Ping 4 at Tue Dec 10 09:20:27 PST 2013
7
6
7
7
6
7
6
7
7
7
7
7
7
7
7
7
7
7
7
7
7
7
7
7
7
7
7
7
7
7
7
7
7
7
7
8
7
8
8
8
8
8
8
8
9
9
8
9
9
9
10
12
10
19
15
28
21
28
32
31
41
40
39
34
48
46
38
47
53
49
73
62
75
76
83
95
91
89
99
102
88
97
111
107
109
105
136
118
143
121
152
176
164
185
181
182
199
217
188
260
269
309
265
270
319
308
315
346
360
324
357
378
426
534
363
479
324
504
496
430
446
430
519
425
666
509
540
367
502
797
529
511
476
543
506
626
439
550
774
429
586
435
418
477
655
522
469
450
461
528
431
670
643
483
544
599
661
462
578
441
523
654
501
619
459
386
531
497
524
687
659
475
494
475
523
502
597
537
388
470
514
482
455
466
505
471
612
448
481
673
494
450
669
639
476
587
608
455
545
517
686
462
561
365
550
444
574
515
630
767
602
538
466
459
547
459
464
549
457
536
457
637
440
583
525
492
480
580
402
508
532
452
575
474
455
524
549
484
468
412
530
449
546
549
606
418
602
540
612
435
501
542
360
567
500
599
429
483
577
429
404
596
417
670
434
561
499
599
599
554
422
492
535
445
489
641
386
487
521
469
609
507
714
497
534
423
470
508
491
547
588
652
664
665
701
459
626
429
770
390
441
587
402
557
601
609
575
392
688
525
545
554
532
744
487
398
542
650
575
472
526
475
561
551
380
449
560
539
536
385
543
496
620
414
450
464
585
381
454
636
453
489
587
448
530
628
456
412
759
527
518
418
586
524
461
388
447
490
448
536
544
465
555
386
525
507
419
488
569
849
574
544
474
445
674
452
601
372
595
419
477
432
440
607
424
515
680
492
496
617
408
605
465
764
532
505
449
533
541
526
621
534
608
483
437
485
541
653
539
615
532
469
513
466
541
495
516
404
540
466
388
641
418
Ping 5 at Tue Dec 10 09:20:31 PST 2013
7
6
7
6
6
6
7
7
7
7
7
7
7
7
7
7
7
7
7
7
7
7
7
7
7
7
7
7
7
7
7
7
7
7
7
7
8
7
8
8
8
8
8
9
8
9
9
10
10
10
9
12
10
17
23
17
22
22
31
26
39
33
45
33
46
47
56
53
60
62
63
67
80
72
76
80
89
90
92
93
100
96
103
112
108
143
129
124
160
139
185
150
170
181
226
224
203
240
253
269
239
284
253
288
310
351
295
319
333
328
474
342
410
359
413
500
400
376
475
535
444
542
446
430
646
614
389
597
469
642
451
534
560
462
484
462
444
523
651
542
493
491
511
425
433
571
457
506
420
522
413
460
473
405
528
545
630
455
708
465
569
475
516
532
402
383
561
433
493
471
551
573
680
488
502
571
428
410
507
602
427
536
468
538
385
536
572
735
510
511
552
728
528
475
495
545
515
509
454
488
470
539
453
540
491
538
519
433
813
494
508
416
440
618
500
625
452
639
352
580
492
597
446
691
421
456
506
548
460
583
630
369
619
598
522
497
496
516
417
519
537
509
488
474
522
478
489
537
833
547
467
641
699
463
442
482
438
585
510
406
511
696
580
556
487
568
611
485
391
604
444
445
561
472
446
462
423
512
421
467
462
460
453
571
694
478
698
453
524
520
691
408
508
406
494
409
440
424
459
456
755
553
488
456
445
521
424
495
587
573
620
424
452
385
529
508
596
749
456
416
490
579
404
497
449
529
460
534
391
694
538
400
540
541
531
468
513
564
504
501
483
483
484
422
401
479
487
424
504
418
460
504
488
396
499
496
615
477
473
457
524
511
548
449
443
572
717
570
415
550
513
456
495
539
492
447
607
399
635
438
518
481
601
415
534
521
560
441
495
494
602
380
461
508
488
477
569
520
469
500
546
443
429
545
514
464
454
575
422
507
555
514
476
647
481
510
433
531
447
684
555
466
580
Ping 6 at Tue Dec 10 09:20:34 PST 2013
7
6
7
7
6
7
7
6
7
7
7
7
7
7
7
7
7
7
7
7
7
7
7
7
7
7
7
7
7
7
7
7
7
7
7
7
7
7
7
8
8
8
8
8
8
9
9
9
10
10
10
10
14
15
18
20
21
25
22
35
33
38
42
41
44
50
51
54
60
61
67
69
75
78
87
79
93
93
96
102
103
114
91
106
123
137
108
139
144
159
153
172
167
167
163
194
230
225
211
240
269
261
308
261
272
315
431
332
413
331
361
372
339
458
539
520
517
574
378
527
455
796
455
465
475
588
397
481
572
475
535
476
603
376
422
548
446
528
521
509
515
452
487
554
534
496
535
530
544
499
524
500
431
394
619
598
474
517
503
630
387
673
397
527
473
672
549
531
718
368
443
481
560
575
438
433
599
740
507
470
391
651
415
555
629
439
513
663
367
567
386
597
455
523
419
553
393
460
451
535
495
450
485
525
688
408
550
535
489
458
581
481
504
463
514
539
683
665
413
539
543
622
442
489
456
542
702
745
538
513
437
528
545
510
458
468
544
578
396
668
469
631
629
412
580
499
407
666
444
599
510
470
419
572
470
467
500
667
645
499
502
501
420
515
616
422
548
597
397
607
500
478
464
667
544
373
512
478
460
428
607
401
489
604
445
418
420
516
630
453
595
444
405
431
576
623
517
596
368
513
504
395
424
401
500
471
615
451
600
492
611
460
524
492
467
439
509
585
431
606
440
542
401
603
628
421
619
453
432
521
451
598
435
633
530
590
415
548
464
425
470
511
414
484
442
591
673
463
473
481
608
485
615
537
772
425
532
450
418
490
528
570
606
422
604
399
489
530
521
531
498
553
367
531
384
489
457
481
506
584
607
459
597
402
503
576
388
471
547
542
558
488
467
528
503
510
424
433
463
471
505
513
499
491
458
527
497
473
641
455
471
479
543
494
514
410
682
472
468
587
416
502
791
Ping 7 at Tue Dec 10 09:20:38 PST 2013
7
6
7
7
6
7
6
7
7
7
7
7
7
7
7
7
7
7
7
7
7
7
7
7
7
7
7
7
7
7
7
7
7
7
7
7
8
8
8
8
8
8
8
8
8
9
9
9
10
10
11
12
12
13
19
24
21
26
27
39
29
30
38
39
52
51
46
49
57
64
64
63
73
78
83
88
83
85
83
109
94
95
115
114
105
127
135
118
145
149
160
161
151
172
168
192
218
258
227
245
260
236
296
317
305
365
290
354
422
354
417
412
383
397
408
449
569
556
562
497
621
487
543
392
520
522
580
417
493
459
440
605
620
510
480
510
588
580
475
521
598
590
434
543
427
580
412
581
383
546
446
605
499
521
593
503
510
450
404
497
526
489
537
464
532
587
620
535
587
593
519
394
489
532
536
392
520
498
476
665
570
660
537
381
600
632
405
551
703
591
461
430
580
433
472
396
482
462
540
553
749
384
483
418
603
517
512
573
491
524
608
422
530
457
556
507
492
409
452
469
475
404
368
505
654
506
463
620
545
511
480
429
587
462
631
540
487
487
510
494
537
514
476
562
572
454
502
570
424
569
392
563
473
572
481
472
499
381
502
608
589
374
401
550
465
530
494
524
536
473
469
535
480
492
535
612
403
464
598
413
617
507
435
480
511
480
601
457
433
469
513
592
483
393
454
466
508
543
493
537
568
611
658
549
495
573
781
391
533
596
548
383
463
450
443
391
485
460
545
635
435
586
499
627
443
596
646
555
478
488
466
491
446
423
633
548
487
498
568
528
520
423
537
479
584
458
644
830
427
515
678
463
475
568
500
485
551
366
494
509
489
587
455
553
580
393
687
502
531
585
570
457
734
504
454
599
802
447
655
518
538
553
534
576
422
422
604
404
555
463
398
438
468
479
459
636
602
544
428
533
541
456
505
659
371
579
495
543
489
430
707
419
565
397
528
416
573
463
475
465
479
418
444
Ping 8 at Tue Dec 10 09:20:41 PST 2013
7
6
7
7
6
6
7
6
7
7
7
7
7
7
7
7
7
7
7
7
7
7
7
7
7
7
7
7
7
7
7
7
7
7
7
7
7
7
8
8
8
8
9
9
9
8
9
9
9
10
11
10
14
17
19
21
18
29
31
26
42
33
39
44
42
50
49
49
61
48
67
68
70
73
77
84
90
91
93
102
93
98
97
130
123
122
128
143
140
150
142
154
167
194
208
195
214
250
215
279
269
249
273
267
258
369
300
332
355
353
441
358
349
468
443
456
401
618
498
405
561
466
409
617
522
397
443
606
498
598
432
465
409
679
461
512
498
550
607
429
530
661
449
488
435
641
523
493
456
565
429
514
542
453
577
391
551
607
599
537
467
569
448
498
405
490
545
572
697
446
443
527
441
536
477
418
421
541
520
511
653
443
483
628
595
481
559
451
416
521
561
447
626
458
651
529
501
435
566
451
514
480
393
580
513
588
532
458
424
622
444
469
493
398
647
610
458
435
425
670
478
551
585
518
494
507
689
513
496
475
620
519
494
478
398
955
697
416
675
503
517
398
452
463
317
567
494
500
518
423
562
462
488
624
432
380
731
458
467
563
529
529
606
417
483
530
504
500
524
699
521
546
538
610
370
493
468
518
426
575
395
414
524
463
556
431
499
458
442
533
378
537
636
472
559
565
426
590
575
462
411
508
518
529
436
572
420
641
431
621
532
459
592
530
561
586
411
684
573
543
528
442
444
469
423
555
413
628
446
521
511
549
541
414
519
460
602
383
506
502
645
497
727
569
508
390
374
475
661
512
457
415
452
512
564
406
521
540
379
527
492
558
423
395
684
397
502
597
421
508
536
640
511
426
892
497
530
437
574
471
482
405
446
593
466
681
473
413
437
420
479
406
630
495
390
498
662
484
487
466
498
423
413
468
665
411
463
455
476
395
483
510
663
447
505
486
445
406
406
393
628
405
498
Ping 9 at Tue Dec 10 09:20:45 PST 2013
6
6
7
7
6
7
7
7
6
7
7
7
7
7
7
7
7
7
7
7
7
7
7
7
7
7
7
7
7
7
7
7
7
7
7
7
7
8
8
7
8
8
8
8
8
9
9
9
9
10
11
10
15
14
10
24
21
30
30
23
34
33
44
38
44
44
38
50
79
65
61
63
66
75
82
80
85
91
99
92
94
104
105
105
117
114
132
138
142
148
142
155
150
168
186
168
189
199
244
233
278
242
252
262
319
292
304
318
358
313
325
363
432
326
400
386
353
460
479
490
440
440
464
416
414
622
532
467
410
430
411
388
376
396
404
363
388
398
413
384
394
389
383
482
455
473
467
387
478
470
460
581
471
407
622
536
330
503
431
409
504
527
404
382
552
403
535
443
392
646
458
541
430
456
431
443
383
414
536
461
712
488
335
696
578
385
495
499
477
559
567
541
419
419
402
404
452
519
397
469
548
520
522
391
410
650
507
376
508
544
570
476
517
444
539
447
503
419
479
495
411
547
423
421
495
541
391
628
384
411
478
495
594
442
475
403
435
468
373
466
477
565
479
411
666
431
497
417
458
491
358
428
405
464
390
507
484
522
413
387
466
651
404
504
409
549
417
481
568
438
452
406
530
383
407
441
476
366
508
507
485
625
485
469
617
549
456
368
532
486
387
562
491
429
401
479
416
462
399
599
414
418
505
480
576
436
571
477
480
582
493
442
486
447
386
435
469
482
389
605
396
490
379
608
458
522
584
440
396
448
513
440
421
586
551
498
492
567
452
472
507
797
417
541
419
390
412
434
447
398
446
521
412
416
443
368
699
367
489
398
498
373
479
436
484
530
455
432
621
458
554
380
498
498
422
419
469
432
445
462
484
470
520
503
568
415
581
489
474
405
458
481
431
368
401
456
435
389
463
549
398
566
459
654
420
416
510
643
496
432
413
488
430
407
403
386
434
432
518
447
356
419
546
Ping 10 at Tue Dec 10 09:20:48 PST 2013
7
6
7
7
6
6
7
7
6
7
7
7
7
7
7
7
7
7
7
7
7
7
7
7
7
7
7
7
7
7
8
7
7
7
7
7
7
8
7
8
8
8
8
9
9
9
9
10
10
10
10
10
11
22
13
24
18
22
36
30
27
42
38
38
49
47
42
55
62
71
70
81
79
80
77
84
81
90
92
104
100
103
119
115
96
142
120
136
140
167
158
171
179
174
221
219
205
223
214
233
294
242
240
314
312
369
328
413
321
415
405
445
347
525
380
402
505
545
522
564
421
496
518
388
639
588
483
649
383
532
436
520
471
470
471
446
483
557
517
504
694
583
542
537
516
590
556
660
817
419
505
520
540
617
566
559
436
564
558
472
520
499
582
598
514
408
414
536
549
588
564
554
461
516
497
488
705
647
405
487
666
702
595
460
579
417
535
597
450
437
527
535
725
545
594
416
540
488
596
492
475
450
554
640
785
621
397
559
481
417
510
645
655
522
521
433
443
496
573
440
529
436
650
498
526
657
538
574
513
550
788
584
565
517
603
567
570
399
680
451
676
486
588
631
786
479
537
513
565
469
447
608
408
442
521
462
555
659
405
411
658
495
455
479
610
492
534
585
524
473
410
687
489
445
506
573
513
530
625
434
361
716
391
610
518
526
503
613
569
497
386
529
458
582
570
563
434
478
536
508
652
496
599
530
530
536
591
575
557
436
558
483
460
974
559
464
443
625
553
608
553
497
552
560
547
466
602
532
562
404
532
546
458
411
406
510
398
536
616
753
565
614
568
501
679
483
443
591
503
441
543
521
526
451
421
611
425
572
467
590
506
424
622
416
587
517
535
647
465
383
576
376
582
580
484
505
479
513
571
485
499
582
521
592
450
544
511
538
611
558
588
384
636
544
513
389
499
522
537
456
703
364
751
416
595
552
572
519
588
523
486
557
602
615
498
530
452
447
450
501
761
499
399
