Ping 1 at Thu Dec 19 09:56:18 PST 2013
97
90
85
92
82
79
77
75
74
73
73
72
71
71
71
71
71
71
71
70
70
70
69
69
69
70
285
532
357
105
86
313
398
246
523
257
107
90
370
494
1506
1590
914
412
590
1273
1080
715
500
170
138
188
180
121
125
120
129
100
96
94
93
91
89
88
87
86
86
85
84
83
83
82
83
83
81
81
83
97
108
107
116
127
128
129
147
143
158
339
500
159
147
122
161
136
165
101
222
181
177
240
141
246
246
259
261
271
281
280
287
296
303
307
313
318
320
324
326
331
334
334
332
335
333
330
331
329
331
327
326
328
324
322
322
322
323
320
318
321
317
317
317
316
314
313
312
309
310
309
309
308
306
304
304
302
302
299
299
297
296
295
293
292
290
288
288
286
284
284
284
282
282
282
281
279
277
278
279
277
275
274
271
271
269
267
267
265
264
264
262
260
259
259
257
256
257
256
254
255
251
252
251
248
246
246
247
244
243
242
242
240
240
240
237
238
238
236
234
234
232
233
230
231
232
227
226
226
227
227
225
223
222
222
219
219
217
218
219
218
215
213
216
215
212
212
210
209
209
209
210
207
206
205
204
203
202
200
202
200
200
200
198
198
198
197
195
196
194
195
191
193
191
191
191
189
190
189
187
186
187
185
185
183
186
183
181
181
179
181
179
179
179
177
179
179
176
177
174
173
174
171
173
172
171
170
169
169
168
167
167
168
165
164
165
165
161
162
162
160
161
160
160
161
159
160
159
157
155
156
157
157
155
154
155
155
153
151
152
149
149
151
149
148
147
145
147
146
145
143
146
142
142
142
142
142
142
139
139
139
138
138
138
136
139
137
138
135
137
134
133
134
134
131
131
130
131
130
131
129
130
130
128
128
127
127
129
129
126
127
126
123
126
126
125
124
123
122
123
121
122
122
118
121
119
121
118
118
119
117
116
115
117
113
115
114
114
112
113
115
114
113
113
112
111
Ping 2 at Thu Dec 19 09:56:23 PST 2013
87
78
72
88
75
65
63
61
59
59
58
57
57
56
55
56
77
79
55
55
55
53
53
56
53
60
142
352
173
98
151
76
720
1074
699
156
97
90
216
1166
571
236
175
753
749
299
277
588
426
429
582
394
116
102
96
82
78
75
73
73
69
74
105
68
66
67
78
63
63
62
63
62
88
182
70
80
62
85
62
107
120
111
63
156
90
71
62
76
103
64
242
148
70
99
74
114
118
126
129
120
138
140
143
143
153
150
161
171
176
182
185
182
195
194
204
208
214
207
216
215
217
218
216
217
216
214
215
213
214
213
213
209
209
209
209
207
207
206
205
206
206
200
204
203
200
198
199
198
200
202
197
200
198
201
196
195
195
195
192
192
193
192
190
189
189
190
187
186
185
186
185
186
184
184
185
180
180
182
181
180
180
178
177
177
175
173
175
173
173
171
170
170
169
170
167
169
166
166
168
165
165
164
163
165
164
162
162
162
162
160
162
159
160
159
160
159
157
156
156
159
155
156
156
155
156
153
152
153
153
152
150
151
150
152
148
150
149
147
147
147
147
147
145
145
146
144
145
146
144
143
143
142
142
141
139
140
137
138
138
138
137
136
137
135
134
136
134
134
133
132
133
133
134
131
131
130
129
129
130
128
128
130
129
127
129
128
129
127
125
126
127
125
125
126
123
125
123
123
124
122
122
121
120
120
119
120
120
119
119
119
118
117
117
115
115
115
115
116
117
116
113
114
115
113
113
113
111
111
111
111
110
110
111
111
110
109
109
109
111
107
107
106
107
107
105
105
104
104
103
102
102
104
102
103
102
103
103
101
101
100
101
101
100
101
100
99
98
99
99
98
98
98
98
100
99
94
96
96
96
94
96
96
97
97
96
95
95
95
95
94
95
92
93
92
93
89
92
90
91
92
91
91
91
90
90
92
89
88
89
89
87
87
86
86
88
86
86
87
86
84
87
85
84
Ping 3 at Thu Dec 19 09:56:27 PST 2013
83
75
70
76
67
63
61
60
58
57
57
56
55
54
55
57
166
377
249
78
64
101
383
410
114
144
546
512
110
80
72
67
81
265
397
150
75
74
261
1108
1263
707
1307
1625
1674
1440
309
175
167
138
117
248
391
181
99
98
216
195
107
89
79
84
83
73
83
70
69
68
67
66
66
70
87
99
110
91
89
127
101
70
146
153
166
166
132
200
211
205
221
103
227
203
158
214
282
294
301
309
312
328
334
343
348
342
367
376
383
392
400
409
418
424
435
443
449
450
460
465
467
471
470
468
465
463
464
461
460
460
460
461
456
452
453
453
452
448
446
448
446
450
445
445
445
444
442
436
437
436
435
433
434
430
432
431
427
430
425
423
420
421
423
418
418
416
414
410
413
409
408
409
407
407
405
405
403
403
402
396
397
400
398
393
390
391
391
389
389
386
380
383
381
382
378
378
377
379
376
374
374
371
373
366
366
368
364
363
363
358
362
359
358
358
359
357
357
354
355
355
354
352
350
349
349
349
345
347
343
341
342
340
337
341
340
338
337
335
335
334
334
334
331
331
330
330
326
327
327
326
327
325
325
322
321
319
320
320
318
314
316
318
312
312
312
311
308
312
308
308
308
309
308
305
307
306
302
299
296
298
297
299
298
299
298
291
295
294
295
293
290
292
290
288
289
290
290
288
288
285
287
285
282
285
283
279
280
281
281
280
281
280
277
274
276
272
274
273
272
270
272
271
269
269
267
270
264
266
264
266
266
266
263
264
262
263
261
258
259
259
260
260
259
255
259
255
259
254
254
255
254
254
254
251
256
256
256
256
246
257
252
250
251
247
250
245
244
247
244
242
241
242
241
240
240
241
240
237
236
237
235
236
235
236
234
235
236
234
233
233
234
233
234
231
229
229
230
230
229
230
231
228
228
226
228
225
226
227
222
224
223
222
222
221
221
221
219
218
221
220
220
220
219
219
220
Ping 4 at Thu Dec 19 09:56:31 PST 2013
88
81
75
81
72
68
66
65
63
63
62
61
60
60
60
59
59
59
59
83
59
89
162
77
77
106
127
90
76
120
235
68
206
668
436
91
84
346
669
220
1244
1639
1649
1617
1346
1672
1638
1340
305
201
404
414
382
312
143
118
114
257
104
97
92
93
86
85
82
83
79
79
77
81
75
76
81
76
79
106
83
72
81
93
73
93
294
379
92
176
154
152
92
184
210
476
282
215
283
984
1046
335
268
218
279
280
284
294
301
308
316
326
331
338
344
349
353
369
376
378
383
391
394
392
394
393
392
390
392
395
391
388
388
387
385
383
382
385
382
381
383
380
378
376
374
378
374
374
373
370
370
368
368
366
366
364
362
363
363
364
365
362
362
359
358
356
357
355
355
353
351
353
347
345
349
345
345
349
344
345
345
340
342
339
336
337
338
334
331
335
333
329
329
327
327
324
326
323
326
326
321
321
322
320
322
318
316
318
315
313
313
311
311
310
310
309
305
308
307
308
310
304
306
305
302
301
305
301
298
297
299
297
296
294
296
293
295
293
289
291
290
291
288
291
292
287
288
287
286
286
286
284
284
282
284
283
278
280
278
277
276
277
275
273
269
276
271
274
275
273
271
271
275
274
271
275
278
268
268
274
273
273
269
265
262
265
261
261
263
260
255
257
258
259
257
258
254
255
256
256
255
253
255
254
251
253
248
250
250
250
248
245
247
248
248
248
244
244
245
245
242
239
243
241
242
238
240
241
239
240
233
236
238
238
235
237
234
237
237
232
233
234
232
231
233
230
229
226
228
229
226
224
225
223
226
227
222
221
224
224
223
223
225
221
224
224
222
222
222
221
223
221
218
218
219
218
217
220
216
216
215
216
217
216
214
216
216
216
215
217
211
214
215
217
213
211
215
213
211
210
212
211
209
213
213
209
209
211
210
208
208
209
208
207
206
207
205
206
204
203
203
204
204
205
205
204
203
Ping 5 at Thu Dec 19 09:56:35 PST 2013
101
86
77
84
73
69
66
64
63
62
61
60
60
59
59
58
75
61
58
58
57
60
94
74
64
66
79
135
123
223
93
63
81
151
452
483
261
131
395
146
669
1520
1658
1690
1663
1687
1666
1649
1646
1204
606
362
427
237
145
158
158
113
106
114
314
121
106
95
89
125
128
90
285
205
98
83
80
78
77
76
76
74
77
73
76
162
108
76
191
247
79
105
280
276
159
213
749
918
252
208
371
250
123
168
137
183
199
210
217
230
226
204
245
255
259
266
276
280
283
288
296
297
298
304
301
302
303
301
301
300
301
300
300
301
298
295
295
294
298
293
296
298
294
295
289
291
292
290
289
289
290
288
285
285
288
286
286
289
283
282
284
280
284
281
280
281
279
280
280
278
275
275
275
275
278
274
270
273
276
275
272
270
268
272
269
272
271
268
267
266
265
261
265
260
260
261
262
259
259
261
259
259
259
254
255
255
253
254
254
253
251
253
248
252
253
250
250
250
246
247
247
249
243
247
246
246
245
245
244
244
241
240
241
237
239
238
237
239
240
236
237
239
236
234
235
234
235
236
234
236
232
234
230
231
230
231
229
229
231
226
229
224
224
224
224
225
225
222
224
224
223
224
223
219
220
222
221
217
223
219
218
214
214
217
218
213
216
214
218
213
213
216
214
211
214
211
214
214
212
208
209
211
210
210
209
208
208
206
206
207
207
205
207
205
205
201
202
206
203
205
201
204
199
201
199
200
201
197
198
200
197
195
195
196
200
197
194
197
195
194
194
193
195
195
193
192
193
193
190
193
193
191
191
187
190
187
187
189
189
188
183
188
185
186
184
188
188
187
185
186
183
184
182
183
185
183
185
184
182
183
182
180
181
182
182
183
182
180
183
178
180
178
180
181
177
179
178
178
177
175
177
175
176
176
178
178
174
176
176
176
172
176
173
173
172
173
172
169
170
170
173
172
172
174
171
170
171
Ping 6 at Thu Dec 19 09:56:39 PST 2013
145
96
83
91
77
73
70
68
66
66
64
64
63
62
62
61
61
61
60
60
60
60
94
212
207
81
78
94
71
63
99
88
91
215
358
123
375
548
256
267
1498
1649
1672
1692
1685
1163
443
362
195
313
855
616
166
148
300
667
324
125
168
154
109
92
88
108
116
120
82
79
78
76
75
74
75
74
191
339
108
79
76
78
84
123
183
660
641
118
187
302
193
114
185
993
1050
627
187
379
140
234
234
147
247
201
146
220
269
274
293
303
302
319
328
339
341
348
358
367
373
377
380
383
388
385
383
385
379
385
381
379
381
378
376
369
371
372
374
378
373
371
364
373
372
374
372
370
368
369
364
365
364
366
366
366
362
359
362
368
362
362
362
359
362
356
359
352
355
355
355
352
354
350
351
351
354
351
350
350
347
348
346
347
343
345
348
343
342
338
341
337
339
339
337
334
331
334
338
335
335
331
334
332
330
332
328
329
329
325
326
325
325
323
324
324
324
324
323
325
322
322
320
318
320
315
317
314
316
315
314
315
310
314
310
315
311
311
309
308
309
307
309
306
309
304
303
304
306
304
303
303
302
299
301
298
302
296
298
300
294
293
295
296
291
290
294
293
292
294
293
290
290
291
291
292
290
288
287
285
286
285
284
284
287
288
285
282
282
282
284
284
281
283
281
278
279
281
279
277
279
277
277
275
275
275
272
272
272
275
273
270
273
269
268
272
270
271
268
267
266
263
265
266
266
266
265
265
264
264
264
264
264
259
262
259
264
260
259
261
260
259
258
258
256
255
256
256
256
255
256
254
255
251
252
252
251
250
250
251
250
252
248
250
251
250
251
253
250
247
248
249
247
246
246
248
248
248
242
246
245
245
245
243
243
246
245
244
241
243
242
244
241
241
245
240
239
239
239
240
241
239
240
241
241
244
238
237
239
237
236
235
234
235
233
234
233
233
231
231
236
232
235
233
231
236
230
Ping 7 at Thu Dec 19 09:56:44 PST 2013
85
77
71
77
69
65
63
62
60
60
60
59
58
58
57
57
57
57
56
56
56
56
56
64
58
98
57
56
55
56
56
88
134
73
117
836
1314
607
177
918
1324
1649
689
1075
1386
1409
485
294
173
400
451
128
109
99
94
93
100
84
87
79
77
75
76
78
85
72
82
104
71
69
81
120
71
76
102
115
125
125
145
118
126
181
113
186
184
195
214
333
468
409
705
540
238
227
284
298
232
224
482
260
306
354
373
392
401
411
427
433
447
454
465
473
478
497
503
514
520
527
524
530
524
527
530
522
523
527
527
523
521
521
518
516
516
518
515
517
520
517
516
517
513
516
511
512
511
511
508
509
505
506
506
502
506
503
501
501
497
498
498
498
495
496
494
491
487
489
488
487
487
484
485
489
484
484
482
482
482
477
480
478
474
477
471
471
467
469
466
470
465
461
460
463
461
460
461
460
458
459
455
456
454
452
452
454
449
449
449
445
449
447
446
446
444
448
439
442
441
443
435
440
441
437
433
436
436
433
430
432
430
429
429
428
428
428
427
428
423
424
423
424
420
421
421
420
422
420
418
420
416
413
418
413
417
413
409
409
408
408
405
405
405
405
403
406
406
403
404
404
401
402
398
401
399
400
397
398
393
396
396
395
396
395
393
396
390
391
387
387
389
389
387
388
387
388
387
386
389
385
387
381
383
381
378
380
380
382
381
378
376
375
376
371
373
372
374
372
371
374
374
369
369
373
370
370
369
368
363
366
364
367
364
364
363
367
366
366
360
361
361
361
357
358
359
359
356
358
358
355
355
355
351
353
355
353
351
351
355
352
353
348
351
347
350
351
349
347
349
348
345
349
344
346
346
344
345
344
345
342
343
339
338
341
340
340
340
339
339
338
337
341
339
339
338
341
333
337
336
335
335
334
336
332
334
337
335
333
333
333
329
329
332
330
328
328
325
326
330
327
326
327
328
326
325
Ping 8 at Thu Dec 19 09:56:50 PST 2013
84
76
71
77
69
66
64
62
61
61
60
59
59
58
58
58
62
59
57
57
57
57
57
56
101
94
59
59
90
60
57
60
200
375
454
382
149
76
69
87
1069
1635
1536
1404
1503
787
1066
336
617
670
227
726
575
339
139
275
428
153
118
161
132
116
114
141
89
80
175
172
178
101
86
76
78
90
107
79
112
96
94
147
111
130
130
122
107
135
220
228
250
266
193
119
215
269
249
310
312
224
288
343
347
329
362
386
402
399
292
410
443
453
467
471
485
495
499
508
511
527
532
530
538
536
534
534
536
539
534
530
532
531
527
529
528
527
528
526
532
528
523
527
527
526
529
524
519
520
521
516
517
517
518
517
516
515
513
517
511
513
513
510
507
512
504
505
508
505
503
503
500
501
498
499
502
501
497
497
495
495
495
493
490
497
492
488
489
487
482
482
482
480
480
474
481
481
479
481
476
478
477
475
475
470
473
473
470
468
464
464
465
465
464
461
463
460
459
458
460
461
461
460
456
455
459
456
453
453
448
451
446
446
447
448
449
450
447
448
446
446
444
446
441
444
440
444
440
438
437
438
439
436
438
437
434
437
434
430
433
427
427
429
426
423
426
426
424
426
425
429
426
423
426
421
419
417
419
422
417
415
416
416
417
419
414
412
413
412
415
415
413
410
415
407
408
409
408
405
408
406
408
403
407
408
405
406
402
404
412
400
405
403
404
408
402
401
401
396
398
393
394
394
392
394
391
392
394
391
389
384
388
387
386
390
385
386
380
387
381
386
384
384
383
382
377
380
379
378
377
373
378
374
374
374
374
377
375
375
372
370
372
371
372
376
371
369
367
371
372
371
367
368
369
365
364
366
362
364
361
360
363
362
363
366
362
363
362
362
361
359
361
359
361
356
358
357
359
358
358
358
354
354
355
358
356
354
351
357
352
352
351
350
348
347
349
344
345
344
348
348
347
347
347
346
345
Ping 9 at Thu Dec 19 09:56:54 PST 2013
88
79
74
80
71
69
67
66
64
64
63
63
62
61
62
62
61
60
60
60
60
60
62
59
60
257
196
101
144
184
158
332
123
200
168
74
254
113
254
263
828
1605
1662
790
969
1604
911
1456
1552
417
521
276
153
129
162
110
155
150
103
110
102
88
85
83
81
97
102
79
78
85
109
117
213
141
80
95
77
94
115
119
168
278
185
119
146
178
156
196
576
759
198
223
193
152
267
260
152
289
195
195
142
319
333
343
352
369
379
381
390
401
411
425
433
448
455
459
473
472
482
485
484
485
483
484
487
483
481
480
478
478
478
474
476
476
476
476
475
475
474
476
477
478
471
468
471
467
467
472
469
468
466
466
465
465
469
462
463
464
463
460
460
460
458
456
452
454
452
455
450
452
450
448
449
451
446
446
451
445
441
441
444
444
441
440
438
437
437
436
432
436
433
435
435
435
430
429
430
430
426
427
426
427
422
424
422
420
424
421
419
420
422
417
419
416
419
417
417
413
413
416
414
415
414
416
411
411
407
406
409
406
408
407
410
406
408
404
404
403
402
401
401
402
400
399
400
399
404
398
400
397
398
394
395
394
394
389
388
389
386
385
387
392
385
385
386
387
384
387
383
386
382
381
382
381
380
377
381
378
378
380
377
378
375
380
379
376
375
371
373
373
374
373
372
370
376
374
375
371
374
370
369
367
368
365
367
370
368
365
366
363
366
363
364
361
360
360
358
360
361
361
359
359
355
355
356
354
355
354
353
351
354
355
354
354
354
354
355
350
349
352
350
347
348
348
347
349
345
344
344
343
339
344
344
338
342
343
339
340
339
342
344
341
341
340
343
341
336
340
338
337
339
335
337
336
338
336
336
333
330
333
331
334
332
333
334
332
329
335
330
331
330
326
328
327
329
328
326
327
326
327
326
327
325
327
327
326
324
326
323
322
322
320
320
319
322
317
320
321
318
320
321
319
319
Ping 10 at Thu Dec 19 09:56:58 PST 2013
290
114
90
97
82
76
74
71
69
68
67
66
65
64
64
63
63
62
62
62
61
61
63
64
61
61
66
65
79
99
236
187
111
397
295
297
101
180
455
135
321
1199
1555
711
868
1086
387
217
308
801
417
367
423
409
337
376
284
122
97
96
126
142
88
168
94
142
136
79
77
74
75
76
81
72
73
77
74
74
87
99
97
82
112
133
131
182
84
162
124
150
169
136
219
233
232
251
250
105
270
238
271
298
289
312
316
335
344
358
369
374
384
396
400
388
405
424
434
439
445
447
448
449
451
452
452
449
447
448
449
450
448
444
443
445
447
446
442
446
448
441
445
442
440
438
442
438
440
442
439
437
435
438
434
434
437
433
437
433
429
431
429
428
430
430
430
425
422
424
423
425
423
422
420
419
418
418
420
415
417
417
418
417
413
409
409
411
410
409
410
408
406
404
404
403
405
407
406
406
407
404
402
401
401
397
398
396
399
398
392
392
393
394
396
393
392
394
391
391
389
390
391
391
389
389
389
386
387
383
383
383
382
383
382
383
382
383
379
381
383
380
382
379
379
378
378
380
376
378
378
377
374
372
370
371
373
370
367
370
365
370
368
366
366
364
367
364
366
368
366
364
364
367
367
360
367
359
358
359
356
361
361
362
362
357
356
360
358
360
357
355
351
352
355
355
355
350
352
356
351
351
352
350
351
350
349
343
343
346
345
347
347
343
343
345
343
342
341
342
343
340
338
340
341
343
340
343
342
340
336
337
338
337
336
339
339
336
336
332
337
336
332
332
337
333
333
331
332
329
327
328
324
327
327
327
327
329
329
327
321
328
327
327
324
324
329
326
327
322
325
323
321
321
322
325
320
319
325
321
317
323
324
325
321
319
321
320
321
322
318
322
318
318
318
316
314
316
314
315
319
319
314
316
315
315
315
316
313
316
313
315
312
309
311
310
309
312
311
313
311
310
310
308
311
Ping 11 at Thu Dec 19 09:57:02 PST 2013
145
88
77
83
74
71
70
68
67
66
66
65
64
64
64
63
63
63
62
62
62
83
135
75
64
63
85
213
87
97
66
85
179
465
295
158
276
349
302
566
969
376
1585
1104
352
1010
1358
845
349
284
623
431
295
651
308
126
157
203
108
96
102
87
89
124
84
102
164
122
87
80
166
218
86
90
77
74
73
79
95
109
74
87
97
91
74
200
269
193
132
358
175
198
123
227
194
184
273
191
220
256
277
297
292
310
324
332
342
356
365
373
380
395
406
416
424
433
434
441
458
455
456
455
456
457
457
451
456
457
455
455
454
449
454
453
453
450
451
453
452
454
453
450
447
453
447
449
443
444
450
444
450
445
444
449
448
443
443
446
443
443
443
441
443
437
440
442
438
438
438
436
434
436
432
436
433
432
429
429
433
428
429
430
429
426
428
427
420
425
423
420
419
419
415
419
418
420
417
421
415
418
416
412
416
411
412
415
407
408
409
406
406
409
410
409
408
410
407
410
409
402
403
404
403
405
403
399
402
401
401
399
398
401
399
401
397
400
397
400
393
398
396
394
399
398
396
394
397
395
393
393
394
392
392
393
388
387
388
388
384
383
385
386
384
386
388
382
382
384
388
388
383
381
380
384
378
381
378
379
381
381
378
384
375
380
377
378
377
377
377
374
376
374
376
375
376
377
373
376
374
375
373
370
373
372
371
371
367
368
363
365
363
362
367
364
364
361
366
365
366
368
360
362
364
364
364
359
363
359
363
358
359
363
360
360
360
361
353
363
355
360
354
354
351
354
353
353
353
351
352
354
347
354
350
350
349
349
346
349
350
352
351
349
346
349
353
349
351
349
345
349
342
349
345
346
342
344
346
345
343
345
343
346
344
344
344
345
345
338
344
344
343
343
341
339
344
342
340
339
343
339
336
340
342
343
339
340
335
338
334
334
335
336
333
337
330
337
331
337
336
330
335
338
335
Ping 12 at Thu Dec 19 09:57:06 PST 2013
253
97
84
92
81
76
73
71
69
68
67
66
66
65
64
69
67
63
62
63
63
98
95
73
64
64
110
80
121
79
112
295
596
540
297
377
96
210
535
208
277
1174
1462
776
598
908
1515
1577
616
226
199
128
461
487
123
119
129
98
92
114
91
84
82
87
79
78
76
75
76
73
72
73
83
136
190
85
136
109
137
188
379
167
166
204
217
234
249
260
227
284
293
301
329
214
530
327
257
376
390
400
417
428
409
432
445
468
487
493
517
526
539
553
560
565
569
591
598
609
623
620
620
628
625
624
628
626
618
620
618
621
619
607
612
612
611
611
614
616
618
608
611
609
605
605
601
603
604
599
606
602
602
600
597
605
601
597
598
595
594
592
590
591
590
587
585
586
585
584
586
585
583
582
581
577
578
576
577
575
575
573
579
572
575
570
567
563
569
564
568
559
559
559
553
556
553
556
551
556
551
552
555
547
547
549
541
544
543
540
541
538
539
540
543
540
538
536
539
537
535
534
535
533
535
534
526
525
524
526
521
528
523
525
524
524
521
525
525
522
517
518
515
514
517
518
518
514
514
511
515
514
511
513
511
510
507
508
507
504
501
500
497
502
501
503
498
501
502
498
499
497
499
496
500
494
496
494
493
494
492
489
491
487
488
490
488
485
489
485
485
487
486
484
489
489
484
484
481
482
481
484
481
479
477
475
478
472
476
472
474
471
473
466
471
472
472
466
469
467
467
465
465
464
468
464
463
460
462
460
458
462
458
458
455
458
460
460
461
455
457
458
454
453
456
450
454
448
447
451
448
444
447
447
448
449
447
440
441
440
445
442
447
447
445
443
442
443
440
440
440
442
442
437
442
439
439
436
437
438
432
433
437
438
439
434
439
437
431
437
440
427
433
433
435
438
430
433
431
430
428
426
427
426
428
423
426
424
423
422
421
420
421
419
415
421
416
420
415
418
417
418
417
415
415
Ping 13 at Thu Dec 19 09:57:11 PST 2013
200
167
100
127
113
81
77
76
73
73
72
71
70
69
69
68
68
67
67
67
68
66
68
68
66
65
66
72
199
77
270
381
243
219
425
313
113
97
285
280
851
1628
1140
319
1020
1361
1227
788
575
216
326
479
313
417
486
344
313
115
105
98
194
182
249
201
116
90
87
119
86
100
104
81
79
78
81
77
105
88
78
118
164
345
295
91
170
163
225
504
258
173
230
376
564
158
285
160
182
215
133
305
316
318
249
310
358
374
380
386
400
409
425
431
440
452
464
468
483
484
486
495
499
495
501
501
502
500
501
500
492
499
499
492
495
494
491
497
490
496
492
494
489
488
491
491
490
488
494
488
490
487
491
485
485
486
480
482
487
484
479
477
480
477
478
478
474
479
476
474
473
472
474
473
472
470
472
470
470
472
470
469
468
468
466
460
463
463
462
463
461
455
459
456
455
458
455
454
453
454
453
452
452
452
451
447
448
445
446
442
443
443
444
446
442
443
439
443
442
440
439
439
441
441
439
439
438
438
437
433
434
430
432
435
431
432
433
431
431
428
429
428
429
424
427
430
426
429
428
426
426
426
425
420
423
425
423
421
421
422
419
417
417
418
419
417
417
419
417
419
418
418
420
416
413
411
411
408
407
408
408
411
405
410
410
414
408
404
405
404
408
403
404
404
403
402
406
402
402
404
402
400
402
399
398
395
399
395
394
394
394
397
395
392
393
389
395
394
390
392
391
393
395
390
388
388
393
388
385
388
389
385
385
383
384
386
382
384
384
384
386
386
384
381
382
377
380
381
377
376
378
376
373
377
375
375
375
375
375
374
373
376
374
372
375
377
375
370
370
370
372
366
370
368
371
370
369
370
368
369
367
365
369
365
373
363
366
366
368
365
362
366
367
367
363
361
360
365
361
365
365
363
362
365
362
363
361
359
360
362
362
357
359
355
355
357
352
357
355
357
356
358
359
355
352
Ping 14 at Thu Dec 19 09:57:15 PST 2013
867
150
107
111
94
86
82
80
77
76
75
72
72
71
70
70
69
68
68
67
67
66
66
66
67
129
86
67
65
89
73
67
146
240
221
174
129
246
487
349
425
570
298
853
967
304
395
738
1058
832
538
380
279
122
113
216
246
138
155
159
112
85
81
80
79
76
75
74
73
72
72
71
84
74
103
109
119
100
92
152
156
111
177
171
113
244
115
232
248
156
153
373
445
177
232
202
298
336
351
359
383
392
390
417
415
439
453
465
478
492
504
507
524
539
549
556
566
572
578
583
583
580
583
587
585
576
580
579
574
578
581
569
572
572
572
578
577
576
579
574
576
576
573
574
568
569
567
567
569
566
566
562
563
563
566
563
565
562
561
558
556
554
554
555
551
548
551
548
551
548
548
551
547
549
545
541
545
545
544
542
540
537
535
535
538
533
530
532
532
526
526
523
524
527
524
526
525
527
524
521
519
519
517
519
519
513
522
524
508
517
517
521
523
511
517
512
509
512
512
509
510
505
501
504
501
500
498
501
498
497
494
494
494
496
490
493
488
491
489
493
490
489
487
488
490
486
487
486
487
481
487
480
478
479
480
477
473
476
477
475
470
472
471
473
472
472
470
472
468
472
469
467
468
466
464
463
462
462
463
460
460
460
462
457
459
464
460
461
456
455
464
454
458
455
457
449
454
457
452
450
449
449
452
444
449
442
448
441
443
444
443
441
440
444
441
438
441
435
438
437
436
439
434
436
433
429
436
435
431
437
434
435
433
432
429
434
429
428
428
429
430
423
424
424
427
421
421
421
421
420
417
420
417
419
417
420
419
417
419
420
416
417
423
420
419
419
413
417
415
414
417
416
412
414
415
412
411
411
410
409
416
408
406
409
409
408
410
408
409
407
408
403
405
408
402
403
399
400
401
404
399
406
402
402
405
401
401
400
396
399
396
398
398
394
394
394
394
398
392
395
396
395
392
Ping 15 at Thu Dec 19 09:57:21 PST 2013
111
85
78
84
77
73
72
70
68
67
67
66
65
65
64
64
63
64
63
63
62
63
62
62
61
65
161
121
68
204
89
165
91
290
330
83
71
68
83
480
1205
1632
1621
1688
1690
1383
455
417
384
783
1025
444
264
160
135
166
114
102
95
91
88
85
85
121
210
88
97
81
94
79
82
135
106
75
102
117
112
138
139
152
114
159
166
195
140
175
121
241
330
280
522
443
156
303
324
318
164
347
367
296
362
401
402
426
433
450
469
472
482
505
514
527
541
551
560
561
576
589
598
602
597
607
599
603
601
603
603
598
599
598
601
589
591
596
595
596
594
593
592
594
592
596
595
588
593
587
592
592
584
581
582
590
581
583
587
581
585
574
580
578
582
574
576
574
577
569
573
572
571
568
572
568
571
567
566
566
567
567
563
566
563
560
560
563
554
552
561
552
548
554
549
549
546
549
551
546
546
548
546
543
543
542
543
538
540
539
537
536
536
537
536
538
536
537
534
531
536
535
531
532
529
528
530
529
524
523
524
526
518
520
524
522
522
521
519
520
517
518
513
514
513
516
510
514
512
509
510
511
513
513
509
506
510
506
505
503
502
501
503
497
500
496
497
499
497
494
499
498
496
495
493
495
495
494
491
488
487
486
486
485
492
485
486
486
487
485
484
487
484
483
485
482
483
483
485
479
481
483
479
480
477
474
476
477
474
470
472
474
469
471
472
468
471
468
470
472
466
468
463
466
464
463
465
465
463
459
460
460
459
461
462
463
460
456
459
461
461
458
458
456
459
454
453
456
450
449
452
447
448
448
456
446
450
450
445
447
445
446
442
444
446
446
446
443
446
448
446
443
443
441
440
442
437
437
440
440
437
435
440
438
434
445
438
438
434
439
435
436
434
437
434
436
431
435
433
429
434
432
429
428
430
431
429
431
431
426
428
427
424
425
426
422
423
421
424
421
426
424
422
421
422
424
424
