Ping 1 at Thu Dec 19 09:58:10 PST 2013
351
322
305
300
288
280
274
269
281
493
1009
918
538
535
946
624
430
337
354
524
609
414
390
531
924
1318
1458
1536
1376
1486
1493
550
1297
1495
1009
570
654
1179
1445
1498
1588
1624
1615
1328
1129
1157
1281
1173
1274
1501
1097
642
962
1078
777
1041
686
514
884
986
731
720
908
785
537
683
1056
1358
937
775
663
851
1291
1578
1043
514
545
1228
1195
615
857
1315
1533
1512
1286
1124
855
1530
1318
1341
1153
930
1046
968
1260
1093
1488
1616
1522
1217
1543
1574
1375
1352
1254
642
931
852
623
708
630
815
854
963
957
1151
827
589
723
931
779
911
704
593
522
592
606
668
497
556
575
481
543
674
624
461
521
468
502
413
503
515
542
535
498
488
514
568
541
428
486
498
488
500
462
484
477
491
471
464
495
481
495
476
490
479
489
475
490
474
482
484
479
489
465
482
470
491
479
486
480
485
476
479
474
469
472
471
475
469
479
466
478
464
479
466
469
476
462
468
459
471
463
470
468
479
459
466
469
460
472
461
472
461
475
459
477
462
468
466
470
456
465
468
463
473
458
472
460
473
456
467
461
472
462
453
470
453
473
458
472
460
472
460
463
471
456
469
455
472
456
472
462
467
466
456
468
451
461
449
468
453
470
459
457
456
459
472
458
473
452
471
458
466
457
459
467
452
472
456
458
453
463
461
454
466
456
469
452
468
457
474
463
472
469
470
459
462
465
455
471
449
468
453
478
463
472
460
458
471
457
472
453
470
452
462
457
464
471
454
474
456
474
455
464
468
456
460
453
473
452
476
457
461
466
461
464
452
462
461
471
458
464
466
469
466
457
468
456
473
455
458
463
458
475
452
467
459
453
465
455
473
455
478
459
466
460
472
470
456
476
452
463
462
457
467
466
479
455
473
461
465
465
461
464
456
472
455
470
463
469
472
463
471
460
466
455
472
461
468
469
461
482
463
473
456
468
450
453
462
457
467
456
468
451
461
464
459
466
460
472
456
471
Ping 2 at Thu Dec 19 09:58:14 PST 2013
355
325
307
303
290
282
276
275
337
776
981
608
528
421
479
699
605
345
471
717
1072
938
507
457
441
1074
1360
1503
1484
1273
1165
1285
1356
1474
1074
1071
849
954
1136
1541
1610
1510
1544
1528
877
871
1515
1205
1554
1393
705
1407
983
673
524
552
947
887
716
668
501
919
1253
901
1161
904
1323
1281
1289
975
600
895
549
1197
1537
1594
1566
1190
1558
1593
1188
839
932
1112
1188
882
1138
923
1398
1585
1568
1558
967
1245
786
1530
1572
1193
880
1147
840
768
1311
1487
1499
1361
1387
1237
879
660
664
559
675
729
645
775
1045
1474
1297
740
937
1269
1077
800
866
759
540
584
619
625
575
644
659
511
584
576
540
589
588
588
586
609
550
548
560
547
565
549
564
555
564
558
540
556
534
563
568
564
557
549
558
554
558
544
561
550
550
546
543
554
544
545
562
550
563
556
553
554
547
563
543
545
546
538
551
528
539
537
538
539
536
552
533
545
544
548
560
545
546
540
536
534
534
536
534
539
529
533
539
538
546
542
549
542
542
540
532
536
530
531
526
530
535
533
534
535
534
533
535
546
535
541
537
545
539
540
540
536
535
536
533
525
525
538
531
541
536
538
543
541
536
539
557
543
540
547
540
538
520
534
529
533
529
539
532
530
535
533
539
535
536
539
536
545
534
542
539
547
542
538
541
544
538
536
537
549
540
531
532
536
540
541
531
538
535
542
534
537
547
536
540
548
554
552
542
553
555
557
550
550
536
541
547
528
531
531
538
526
536
528
531
537
523
530
523
531
528
538
533
544
549
541
546
543
548
544
544
539
548
547
542
545
534
548
542
540
539
537
540
536
531
542
537
541
539
523
536
530
531
525
537
532
536
537
534
534
535
534
531
542
541
541
540
544
541
543
548
547
548
535
548
545
540
556
543
541
545
548
542
545
545
535
545
534
540
527
547
540
545
543
545
541
543
546
540
550
548
550
549
546
553
537
550
546
557
539
546
550
552
548
549
558
541
Ping 3 at Thu Dec 19 09:58:17 PST 2013
356
326
309
304
291
284
278
274
286
363
374
728
665
585
718
717
551
410
416
477
1075
932
630
587
451
1038
1041
715
999
1311
1395
1353
1059
1456
1293
632
1202
1127
1372
1438
1590
1655
1502
1581
1517
1560
1599
1517
785
1007
833
982
1108
1101
1528
1520
922
1253
1290
1258
1104
826
1038
759
826
802
634
631
835
870
876
611
908
728
588
568
1247
1231
914
775
498
1245
1518
1059
985
1156
1485
1273
1143
1394
1458
777
1266
1399
963
1528
1586
1625
1541
1008
1242
1509
1579
1414
883
1260
1211
862
845
953
807
677
570
709
529
885
1455
1313
930
679
601
581
568
541
602
643
776
949
760
574
517
572
565
552
588
506
567
573
532
563
537
562
570
761
773
694
505
423
533
524
528
541
535
532
547
544
540
533
547
523
537
537
518
534
520
520
535
519
528
520
519
525
531
530
527
536
521
529
516
520
525
508
515
514
518
522
519
524
520
520
527
511
516
502
511
508
512
517
506
506
507
509
511
512
522
504
513
509
510
511
506
512
508
505
500
495
505
506
503
506
506
508
507
517
505
516
510
510
511
506
507
498
500
505
498
505
496
508
506
505
510
515
520
502
506
512
507
510
501
498
497
504
514
500
507
500
504
514
499
511
506
510
502
512
515
505
515
504
503
501
500
510
503
504
504
508
507
503
515
502
518
502
510
509
502
500
504
495
502
496
504
497
501
504
509
516
506
517
512
511
499
512
514
503
500
491
498
493
501
500
497
507
506
509
503
509
507
509
513
505
512
504
498
513
494
499
502
486
496
507
505
501
504
512
505
513
508
512
505
512
510
513
502
495
501
494
498
489
492
495
489
499
497
512
497
508
510
506
514
509
507
503
501
510
501
503
493
497
501
497
501
486
495
497
502
491
503
499
502
506
508
508
513
512
505
509
501
498
500
502
500
510
496
502
508
506
506
505
514
516
515
506
509
512
509
504
500
500
499
495
495
492
511
499
504
502
505
505
505
514
513
518
508
Ping 4 at Thu Dec 19 09:58:21 PST 2013
357
327
312
303
292
284
279
275
281
297
653
724
410
505
583
518
1113
819
1259
564
879
1139
994
794
856
571
632
811
990
1338
945
1167
1403
1522
1558
1124
803
1032
936
1403
1592
1651
1580
1123
1484
1596
1635
1575
1622
1555
1301
758
1317
1526
1590
1021
1054
792
918
1528
1425
1250
1550
1558
1091
1172
738
845
1423
1358
1077
1264
1435
879
1294
1577
1409
1011
1500
1395
1263
1060
1241
1530
982
702
913
1528
1594
1136
1426
985
1158
1028
1112
1187
1501
1348
940
1277
817
924
689
1237
1479
1488
1562
1272
1046
789
851
1139
725
635
1002
1218
708
865
565
654
704
817
702
632
600
615
642
662
505
563
627
560
545
563
531
565
520
588
543
553
524
542
552
459
576
582
462
532
545
485
534
547
521
531
440
537
515
512
535
491
523
528
521
539
514
533
514
505
530
500
522
514
515
531
495
532
524
516
532
504
522
510
510
516
504
523
502
513
524
485
512
500
503
528
488
518
492
500
507
490
514
489
506
506
503
514
492
508
501
497
515
484
505
496
497
501
487
516
489
500
507
493
522
480
501
496
499
504
483
513
484
504
496
488
503
485
521
506
507
519
497
521
503
498
506
480
505
480
495
509
490
510
495
494
514
491
511
483
494
485
486
504
473
502
478
492
500
479
510
482
507
500
495
512
483
508
482
487
496
481
503
473
502
503
496
507
482
515
496
497
505
488
508
484
497
480
483
501
485
507
486
493
512
492
518
482
502
497
497
504
485
504
479
497
492
491
501
476
513
482
497
491
484
508
487
506
477
500
489
479
507
485
493
490
486
499
475
505
479
497
490
477
503
475
502
487
502
493
478
499
473
497
481
490
493
480
502
464
500
488
491
499
479
503
478
502
482
489
484
485
498
473
502
472
492
481
478
493
476
492
477
502
488
484
517
478
514
498
492
495
473
506
478
498
482
476
498
478
500
476
499
496
492
506
490
504
481
510
483
489
499
476
501
471
498
486
487
501
474
501
478
500
479
Ping 5 at Thu Dec 19 09:58:25 PST 2013
355
326
311
300
290
283
286
304
283
270
269
263
370
557
538
344
349
327
382
283
391
587
515
317
629
942
731
538
1119
1418
1202
746
1108
1345
1460
1397
912
701
1154
1393
1557
1588
1584
1541
1385
1499
1585
1554
1349
1327
1316
1277
1016
738
1260
1259
1278
1017
1245
859
577
846
1059
696
732
824
1288
916
647
725
1091
1477
1510
1520
904
852
1045
1532
1569
1555
1526
1559
911
966
1523
1340
1461
1539
1120
1322
807
771
802
1494
1558
1337
969
1089
1240
1494
1513
1283
1289
1096
1007
1202
1508
1370
1045
1073
1219
1292
1340
892
661
623
693
928
683
581
975
1251
670
612
580
671
776
591
569
723
805
567
513
513
644
1017
723
462
539
531
660
858
611
456
558
470
489
456
528
589
430
496
491
468
487
515
508
433
478
480
473
457
477
473
484
472
464
475
481
471
476
470
465
466
487
478
465
479
470
466
471
479
454
449
474
471
464
469
454
451
467
462
458
458
462
451
458
456
457
473
474
445
452
458
443
458
471
448
451
454
447
456
461
455
451
463
441
441
462
456
453
455
441
437
454
452
444
458
438
444
459
450
449
460
451
440
448
445
440
453
449
456
451
450
434
460
449
440
453
451
435
451
438
442
453
451
442
446
435
435
455
434
436
451
436
441
446
446
456
457
444
441
444
427
440
446
440
460
445
435
446
442
434
461
456
444
451
444
433
444
457
440
446
453
433
449
452
438
450
452
435
437
442
434
450
449
437
445
441
438
451
450
435
456
451
435
451
436
448
449
441
442
456
442
444
448
450
453
466
450
455
444
445
444
447
444
462
453
435
444
430
433
442
436
446
455
435
445
444
435
446
448
428
450
446
433
453
441
432
447
454
428
451
436
430
441
434
434
450
429
450
439
425
443
439
432
451
438
433
453
436
441
449
440
456
449
438
441
443
433
443
444
433
450
446
429
440
436
426
444
436
447
454
430
433
442
431
450
458
435
447
448
432
437
435
430
450
435
449
441
429
444
444
Ping 6 at Thu Dec 19 09:58:30 PST 2013
358
330
316
305
296
288
289
286
282
272
270
273
631
700
436
440
401
379
432
417
422
550
469
410
1120
1423
1195
906
1003
1277
875
1107
829
862
1429
919
719
1047
729
1380
1550
1556
1586
1315
1548
1553
1637
1568
1644
1516
1494
1376
1545
1587
994
1041
944
1357
1165
1215
1137
756
1154
624
1101
1016
812
646
666
684
871
754
1268
927
1226
1410
1242
1372
1542
1578
1571
1297
1280
909
1560
1030
743
1394
1596
1419
1179
983
991
1542
1539
1501
1606
1512
1160
1087
804
1520
1581
1479
778
1003
1018
870
966
845
612
698
752
710
524
678
592
615
538
570
562
566
544
516
645
520
467
542
535
512
539
683
615
466
504
483
473
500
583
600
542
531
503
504
508
491
528
455
510
430
471
506
471
483
490
475
498
479
491
488
487
434
454
483
471
480
480
475
495
482
479
477
463
476
459
478
472
463
483
469
483
467
476
486
468
486
463
471
470
454
474
452
465
474
454
479
464
471
476
457
480
455
470
463
451
479
448
464
454
461
464
461
474
451
468
471
460
481
458
476
460
458
468
453
468
450
459
464
459
470
458
472
470
461
474
451
470
453
449
468
450
466
454
465
463
462
478
451
478
456
457
469
456
471
459
458
464
448
463
447
470
454
455
465
452
473
453
476
455
456
466
448
465
450
456
453
447
459
434
464
452
459
456
446
470
449
468
452
459
468
456
462
451
458
455
449
467
446
469
455
454
463
450
465
443
458
443
454
459
443
462
443
469
450
450
466
448
463
449
455
462
452
466
443
465
442
465
457
450
453
445
463
446
459
455
445
460
438
461
447
454
453
448
460
445
466
451
466
461
458
451
447
463
444
461
446
457
440
453
452
445
456
446
452
440
458
445
450
446
445
456
443
462
441
466
451
452
456
448
461
452
467
453
457
446
458
464
439
464
441
455
450
448
459
451
460
443
468
447
462
450
449
455
446
469
447
457
445
462
451
445
455
443
458
440
463
439
465
451
454
456
447
463
Ping 7 at Thu Dec 19 09:58:33 PST 2013
559
658
808
623
801
1242
1606
1646
1693
1496
1604
1623
1655
1646
1650
1662
1695
1534
1326
1449
1614
1635
1452
1327
1625
1649
1673
1648
1657
1689
1593
1659
1647
1658
1665
1681
1671
1628
1694
1622
1661
1661
1663
1690
1637
1659
1665
1705
1610
1636
1608
1614
1642
1659
1670
1684
1616
1654
1670
1674
1660
1557
1541
1633
1659
1308
1195
1607
1634
1559
1019
1561
1394
1415
1610
1648
1438
1629
1419
1603
1645
1663
1656
1648
1600
1542
1644
1305
1108
1595
1646
1521
1613
1640
1664
1646
1646
1625
1257
1575
1628
1627
1616
1436
1529
1409
879
692
767
789
725
740
859
859
730
823
844
750
684
776
590
638
670
681
674
681
693
637
646
616
676
589
641
586
745
601
792
906
563
730
589
667
646
693
670
652
652
665
627
649
645
670
669
609
663
648
637
644
670
653
641
640
640
637
653
669
612
627
650
656
633
635
629
626
634
656
642
627
629
648
636
631
637
634
625
644
648
622
627
645
653
631
618
627
639
637
629
628
624
628
647
640
622
620
644
644
617
612
639
637
623
625
621
626
624
640
639
613
616
650
636
612
603
639
640
617
613
636
632
617
618
611
609
617
634
613
604
616
639
623
610
609
637
638
617
610
623
632
616
615
622
612
613
633
619
594
608
635
628
600
608
633
639
614
612
632
621
612
615
625
613
623
633
619
589
615
637
629
604
605
635
634
602
609
627
616
613
620
621
619
613
624
614
608
611
639
616
607
607
631
626
597
598
622
630
603
595
629
641
616
598
614
627
614
622
622
603
619
616
615
597
601
628
642
601
610
617
628
603
603
614
621
613
618
618
609
607
627
625
596
608
621
629
599
592
625
635
602
598
617
620
616
611
608
610
607
619
628
587
593
628
625
598
596
624
628
599
598
609
621
612
603
614
602
606
621
608
591
597
626
627
594
601
631
622
601
603
611
608
607
609
610
595
613
630
610
591
606
627
615
594
600
615
612
617
607
613
592
618
621
605
581
610
630
612
591
602
617
609
600
601
611
601
Ping 8 at Thu Dec 19 09:58:37 PST 2013
687
1144
1331
966
1330
1536
807
1265
1183
725
828
1327
1593
1613
1671
1619
1649
1584
1594
1652
1646
1640
1535
1471
1619
1658
1666
1660
1684
1594
1644
1680
1653
1669
1665
1706
1660
1694
1639
1626
1660
1666
1675
1647
1672
1671
1692
1603
1683
1671
1677
1644
1640
1692
1659
1436
1081
1486
1579
1364
1447
1627
1613
1480
1562
1247
1499
1643
1617
1456
1229
858
1549
1477
1613
1646
1559
1628
1547
1004
1598
1440
1552
1653
1616
1604
1625
1614
1637
1644
1642
1608
1618
1627
1255
1549
1484
1598
1522
1393
1076
1007
1071
766
909
1045
885
631
602
687
600
557
611
757
622
550
586
618
976
845
599
571
899
1213
987
608
586
687
567
517
572
543
579
568
581
640
518
577
523
568
544
567
571
536
562
554
549
543
522
552
566
538
577
567
493
541
555
558
548
570
558
568
548
570
551
578
559
557
564
553
560
545
568
547
568
551
575
557
576
561
580
556
582
547
579
546
580
549
578
554
580
573
582
568
571
570
564
583
563
588
560
582
558
587
560
584
563
579
583
572
577
569
585
566
589
563
574
579
574
583
564
585
557
586
572
580
580
564
585
560
594
560
578
583
580
587
568
602
572
586
587
583
598
567
583
579
572
589
569
597
570
596
591
585
601
567
593
585
578
587
564
589
583
583
593
569
604
578
595
598
586
603
575
593
585
576
596
574
595
586
586
616
587
599
599
597
612
587
612
597
596
614
578
612
596
590
612
588
604
598
584
611
574
589
603
580
621
590
598
603
574
605
586
590
603
577
604
592
596
613
578
606
598
583
611
580
592
595
592
611
595
598
610
589
615
588
600
607
586
602
595
590
614
592
605
616
576
603
591
589
617
596
600
610
586
613
596
585
605
583
608
603
587
614
588
602
619
579
609
604
587
613
588
607
620
582
616
602
584
620
584
603
619
596
625
612
589
614
586
595
618
587
609
618
597
613
604
592
614
597
604
617
582
620
608
579
617
581
600
613
592
611
614
599
623
595
597
606
580
623
602
603
627
Ping 9 at Thu Dec 19 09:58:41 PST 2013
1031
1117
847
646
1164
1314
863
705
891
1199
1605
1622
1243
1012
1025
1075
1465
1252
1616
1193
1237
1596
1661
1660
1646
1654
1667
1662
1656
1672
1670
1668
1650
1653
1679
1637
1569
1607
1647
1689
1653
1668
1667
1665
1676
1680
1666
1662
1688
1645
1633
1544
1605
1593
1566
1615
1663
1675
1142
1221
1567
1651
1489
1210
1590
1387
1464
1638
1224
1601
1608
1386
1444
1602
1655
1671
1257
1542
1616
1554
1566
1389
888
1280
1323
972
1524
1437
1283
1506
1346
1637
1600
1185
1172
1575
1608
999
802
950
1469
1205
1222
1267
1450
1408
946
1304
1030
647
617
594
654
625
577
526
567
946
791
581
576
620
852
567
819
619
522
545
523
510
534
471
514
511
499
523
527
605
703
613
574
506
481
527
520
522
474
461
504
491
495
540
470
519
542
456
504
483
518
510
496
518
476
488
521
512
500
524
508
497
526
503
506
525
496
518
513
493
523
508
508
524
506
516
523
504
524
499
517
515
505
526
495
528
509
514
522
511
528
506
518
514
513
527
508
532
517
525
524
522
530
515
531
504
537
517
528
520
518
535
519
538
506
546
513
544
521
539
521
535
521
534
526
525
535
518
542
517
538
516
548
521
545
517
536
517
551
518
551
515
544
529
544
529
541
527
539
534
543
529
539
531
545
529
540
528
541
535
544
527
541
531
540
534
549
532
544
529
549
538
550
522
552
526
556
528
558
525
558
527
550
528
547
534
552
528
535
548
547
554
542
559
534
555
530
560
533
548
527
558
535
550
539
545
543
538
542
540
554
533
558
533
561
525
562
536
548
542
545
554
540
554
540
565
540
569
533
558
550
552
552
546
561
539
561
532
570
541
557
544
559
561
539
575
539
564
539
556
555
547
558
539
564
542
568
546
561
560
546
560
541
573
540
573
550
558
567
544
574
536
570
548
562
552
548
555
539
571
540
564
549
548
560
549
572
548
573
544
562
558
558
565
553
578
545
567
553
553
567
549
569
540
557
552
553
557
553
573
550
567
553
558
575
Ping 10 at Thu Dec 19 09:58:45 PST 2013
1497
1553
1272
1377
1562
1613
1512
923
612
601
1082
1535
1627
1663
1689
1146
1590
1660
1672
1225
1603
1618
1653
1680
1664
1638
1673
1654
1663
1707
1624
1697
1629
1661
1718
1578
1591
1661
1692
1643
1670
1660
1669
1672
1689
1659
1673
1670
1666
1673
1713
1642
1673
1407
1527
1647
1685
1578
1636
1664
1345
1598
1655
1244
862
888
1479
1528
1112
1399
1615
1573
1555
1508
1576
1595
1644
1658
1462
957
1623
1671
1287
935
1387
1558
1437
1634
1592
1573
1327
1534
1491
1314
1364
1465
1536
1417
1586
1205
995
1152
820
751
1107
1596
1528
928
871
1101
1066
941
845
667
682
1201
1094
812
685
709
548
574
687
813
512
597
513
551
553
621
588
510
662
989
965
710
535
664
595
559
854
816
521
545
513
475
522
599
663
637
522
520
512
462
515
509
497
511
507
501
515
499
495
511
490
483
500
499
494
507
497
499
510
502
502
510
504
509
507
492
502
511
501
511
501
512
508
500
508
503
507
505
503
511
501
507
508
499
506
502
511
505
503
513
504
507
505
501
512
505
518
511
516
510
509
518
513
516
501
524
511
524
517
520
512
509
520
513
516
513
518
515
524
516
521
516
520
524
520
522
518
518
519
521
519
529
518
529
521
527
513
522
512
525
514
525
522
528
516
536
521
526
529
526
528
534
529
530
523
524
528
527
525
534
530
526
524
533
529
539
525
546
527
542
528
541
525
535
527
538
528
540
528
532
530
541
526
539
527
535
530
530
536
536
540
538
538
533
547
527
534
529
540
533
532
538
537
540
536
543
535
541
535
544
541
542
536
555
539
540
540
544
542
538
553
544
555
542
546
542
545
544
540
543
544
550
539
558
541
548
546
557
548
547
550
545
544
543
546
546
543
538
545
543
545
547
542
559
535
553
539
561
551
538
550
551
552
550
551
549
560
551
554
556
543
558
544
552
545
553
553
550
549
547
555
548
550
544
549
555
548
552
554
557
552
551
561
553
553
561
558
550
552
553
552
562
551
562
568
562
567
563
578
