Ping 1 at Thu Dec 05 09:34:55 PST 2013
35
26
23
21
21
21
20
20
18
19
19
19
19
17
18
18
18
18
17
18
18
18
18
17
18
18
18
26
71
173
233
223
95
238
363
174
164
120
26
20
19
19
19
18
19
18
18
18
18
18
18
18
18
18
18
18
18
18
18
18
18
18
18
18
18
18
18
18
18
18
18
18
18
18
18
18
18
18
18
18
18
18
18
18
18
18
18
18
18
18
18
18
18
18
18
18
18
18
18
18
18
18
18
18
18
18
18
18
18
18
18
18
18
18
18
18
18
18
18
18
18
18
18
18
18
18
18
18
18
18
18
18
18
18
18
18
18
18
18
18
18
18
18
18
18
18
18
18
18
18
18
18
18
18
18
18
18
18
18
18
18
18
18
18
18
18
18
18
17
18
18
18
18
18
18
18
18
18
18
18
17
18
18
17
17
17
18
18
18
18
18
18
18
17
18
18
18
18
18
18
17
18
17
18
18
18
18
17
18
18
18
17
17
18
17
17
17
18
18
18
18
18
17
18
18
17
18
18
18
18
17
17
18
17
17
17
18
17
17
17
18
18
17
18
18
17
17
17
17
17
17
18
17
18
18
17
18
18
18
18
18
18
18
18
17
18
18
18
18
18
17
18
18
18
18
18
17
18
17
18
18
18
18
18
18
18
18
18
18
18
18
18
18
18
18
18
18
18
18
18
18
18
18
18
18
18
18
18
18
17
18
18
18
18
18
18
18
18
18
18
18
18
18
18
18
18
18
18
18
18
18
18
18
18
18
18
18
18
17
18
18
18
18
18
18
18
18
18
18
17
17
18
18
18
18
18
18
18
18
18
18
18
18
18
18
18
17
17
18
17
17
17
17
18
18
18
18
18
18
18
18
18
18
18
18
17
17
18
17
17
18
18
18
18
18
18
18
17
18
18
17
17
17
18
18
18
18
17
18
18
18
18
18
18
18
18
18
18
18
18
18
18
18
Ping 2 at Thu Dec 05 09:34:59 PST 2013
38
30
27
24
25
24
23
23
22
23
23
22
22
21
22
22
22
22
21
22
22
22
22
21
22
22
22
29
41
119
554
653
1369
1487
778
389
149
110
72
28
26
25
25
25
24
24
24
23
23
23
23
23
23
23
23
23
22
22
22
22
22
22
22
22
22
22
22
22
22
22
22
22
22
22
22
22
22
22
22
22
22
22
22
22
22
22
22
22
23
23
23
23
23
23
23
23
23
23
23
23
23
23
23
23
23
22
22
22
22
22
22
22
22
22
22
22
22
22
22
22
22
22
22
22
22
22
22
22
22
22
22
22
22
22
22
22
22
22
22
22
22
22
22
22
22
22
22
22
22
22
22
22
22
22
22
22
22
22
22
22
22
22
22
22
22
22
22
22
22
22
22
22
22
22
22
22
22
22
22
22
22
22
22
22
22
22
22
22
22
22
22
22
22
22
22
22
22
22
22
22
22
22
22
22
22
22
22
22
22
22
22
22
22
22
22
22
22
22
22
22
22
22
22
22
22
22
22
22
22
22
22
22
22
22
22
22
22
22
22
22
22
22
22
22
22
22
22
22
22
22
22
22
22
22
22
22
22
22
22
22
22
22
22
22
22
22
22
22
22
22
22
22
22
22
22
22
22
22
22
22
22
22
22
22
22
22
22
22
22
22
22
22
22
22
22
22
22
22
22
22
22
22
22
22
22
22
22
22
22
22
22
22
22
22
22
22
22
22
22
22
22
22
22
22
22
22
22
22
22
22
22
22
22
22
22
22
22
22
22
22
22
22
22
22
22
22
22
22
22
22
22
22
22
22
22
22
22
22
22
22
22
22
22
22
22
22
22
22
22
22
22
22
22
22
22
22
22
22
22
22
22
22
22
23
22
22
22
22
22
22
22
22
22
22
22
22
22
22
22
22
22
22
22
22
22
22
22
22
22
22
22
22
22
22
22
22
22
22
22
22
22
22
22
Ping 3 at Thu Dec 05 09:35:05 PST 2013
37
29
26
24
24
23
22
22
21
21
22
21
21
20
21
21
21
21
20
20
20
20
20
20
20
21
21
30
666
1318
784
289
251
300
231
57
26
25
23
23
22
22
22
22
22
21
21
21
21
21
21
21
21
21
21
21
21
20
21
21
21
21
21
21
20
20
20
20
20
20
20
20
20
20
20
20
20
20
20
20
20
20
20
20
20
21
20
20
20
21
20
20
20
20
21
21
20
20
20
20
21
20
20
20
20
20
20
20
20
20
20
20
20
20
20
20
20
20
20
20
20
20
20
20
20
20
20
20
20
20
20
20
20
20
20
20
20
20
20
20
20
20
20
20
20
20
20
20
20
20
20
20
20
20
20
20
20
20
20
20
20
20
20
20
20
20
20
20
20
20
20
20
20
20
20
20
20
20
20
20
20
20
20
20
20
20
20
20
20
20
20
20
20
20
20
20
20
20
20
20
20
20
20
20
20
20
20
20
20
20
20
20
20
20
20
20
20
20
20
20
20
20
20
20
20
20
20
20
20
20
20
20
20
20
20
20
20
20
20
20
20
20
20
20
20
20
20
20
20
21
20
20
20
20
20
20
20
20
20
20
20
20
20
20
20
20
20
20
20
20
20
20
20
20
20
20
20
20
20
20
20
20
20
20
20
20
20
20
20
20
20
20
20
20
20
20
20
20
20
20
20
20
20
20
20
20
20
20
20
20
20
20
20
20
20
20
20
20
20
20
20
20
20
20
20
20
20
20
20
20
20
20
20
20
20
20
20
20
20
20
20
20
20
20
20
20
20
20
20
20
20
20
20
20
20
20
20
20
20
20
20
20
20
20
20
20
20
20
20
20
20
20
20
20
20
20
20
20
20
20
20
20
20
20
20
20
20
20
20
20
20
20
20
20
20
20
20
20
20
20
20
20
20
20
20
20
20
20
20
20
20
20
20
20
20
20
20
20
20
20
20
20
20
Ping 4 at Thu Dec 05 09:35:20 PST 2013
43
35
32
30
30
30
29
29
28
28
28
28
28
27
28
28
28
28
27
28
28
27
28
27
28
42
189
491
1547
1316
749
240
312
126
118
287
147
53
32
31
30
30
30
29
29
29
29
29
29
28
28
28
28
28
28
28
28
28
28
28
28
28
28
28
28
28
28
28
28
28
28
28
28
28
28
28
28
28
27
28
28
28
27
27
28
28
27
27
27
27
28
28
27
27
28
27
28
28
28
28
28
27
27
28
27
27
28
27
28
28
28
27
27
27
27
27
27
27
27
27
27
27
27
27
27
27
27
27
27
27
27
27
27
27
27
27
27
27
27
27
27
27
27
27
27
27
27
27
27
27
27
27
27
27
27
27
27
27
27
27
27
27
27
27
27
27
27
27
27
27
27
27
27
27
27
27
27
27
27
27
27
27
27
27
27
27
27
27
27
27
27
27
27
27
27
27
27
27
27
27
27
27
27
27
27
27
27
27
27
27
27
27
27
27
27
27
27
27
27
27
27
27
27
27
27
27
27
27
27
27
27
27
27
27
27
27
27
27
27
27
27
27
27
27
27
27
27
27
27
27
27
27
27
27
27
27
27
27
27
27
27
27
27
27
27
27
27
27
27
27
27
27
27
27
27
27
27
27
27
27
27
27
27
27
27
27
27
27
27
27
27
27
27
27
27
27
27
27
27
27
27
27
27
27
27
27
27
27
27
27
27
27
27
27
27
27
27
27
27
27
27
27
27
27
28
27
27
27
27
27
27
27
27
27
27
27
27
27
27
27
27
27
27
27
27
27
27
27
27
27
28
27
27
27
27
27
27
27
27
27
27
27
27
27
27
27
27
27
27
27
27
27
27
27
27
27
27
27
27
27
27
27
27
27
27
27
27
27
27
27
27
27
27
27
27
27
27
27
27
27
27
27
27
27
27
27
27
27
27
27
27
27
27
27
27
27
27
27
27
27
27
27
27
Ping 5 at Thu Dec 05 09:35:23 PST 2013
57
475
983
346
1205
691
761
390
277
115
247
542
422
291
317
212
335
1559
1618
1000
659
629
387
193
161
155
198
81
96
88
79
70
75
61
47
50
54
46
46
46
46
45
45
45
45
45
45
45
45
45
45
45
45
45
45
45
45
45
44
45
44
44
44
44
44
44
44
44
44
44
44
44
44
44
44
44
44
44
44
44
44
44
44
44
44
44
44
44
44
44
44
44
44
44
44
44
44
44
44
44
44
44
44
44
44
44
44
44
44
44
44
44
44
44
44
44
44
44
44
44
44
44
44
43
44
44
44
44
44
44
44
43
43
43
43
43
44
44
44
44
44
44
44
44
43
44
43
44
43
44
44
44
43
44
43
43
44
44
43
43
43
44
43
43
44
43
43
43
43
43
43
43
44
43
43
43
43
43
43
43
43
43
43
43
43
43
43
43
43
43
43
43
43
43
43
43
43
43
43
43
43
43
43
43
43
43
43
43
43
43
43
43
43
43
43
43
43
43
43
43
43
43
43
43
43
43
43
43
43
43
43
43
43
43
43
43
43
43
43
43
43
43
43
43
43
43
43
43
43
43
43
43
43
43
43
43
43
43
43
43
43
43
43
43
43
43
43
43
43
43
43
43
43
43
43
43
43
43
43
43
43
43
43
43
43
43
43
43
43
43
43
43
43
43
43
43
43
43
43
43
43
43
43
43
43
43
43
43
43
43
43
43
43
43
43
43
43
42
43
43
42
42
42
43
43
43
43
43
43
43
43
43
43
43
43
42
42
43
43
43
43
42
43
42
43
42
43
43
42
43
43
43
42
42
43
42
42
42
43
43
43
43
43
43
43
42
42
42
42
42
43
42
42
42
42
43
42
42
42
42
42
43
42
42
42
43
42
42
42
42
42
42
42
42
42
42
42
42
42
42
42
42
42
42
42
42
42
42
42
42
42
42
42
42
42
42
42
42
42
42
42
42
42
Ping 6 at Thu Dec 05 09:35:26 PST 2013
340
787
855
578
585
483
800
933
539
416
89
316
354
417
240
375
903
280
324
254
56
185
226
168
217
42
60
39
36
71
90
45
36
32
48
73
42
34
34
33
33
33
33
33
33
33
33
33
33
33
33
33
33
33
33
33
33
33
33
32
33
33
33
33
32
33
32
32
33
32
33
32
33
32
32
32
33
32
32
32
32
32
32
32
32
32
32
32
32
32
32
33
32
32
32
32
32
32
32
32
32
32
32
32
32
32
32
32
32
32
32
32
32
32
32
32
32
32
32
32
32
32
32
32
32
32
32
32
32
32
32
32
32
32
32
32
32
32
32
32
32
32
32
32
32
32
32
32
32
32
32
32
32
32
32
32
32
32
32
32
32
32
32
32
32
32
32
32
32
32
32
32
32
32
32
32
32
32
32
32
32
32
32
32
32
32
32
32
32
32
32
32
32
32
32
32
32
32
32
32
32
32
32
32
32
32
32
32
32
32
32
32
32
32
32
32
32
32
32
32
32
32
32
32
32
32
32
32
32
32
32
32
32
32
32
32
32
32
32
32
32
32
32
32
32
32
32
32
32
32
32
32
32
32
32
32
32
32
32
32
32
32
32
32
32
32
32
32
32
32
32
32
32
32
32
32
32
32
32
32
32
32
32
32
32
32
32
32
32
32
32
32
32
32
32
32
32
32
32
32
32
32
32
32
32
32
32
32
32
32
32
32
32
32
32
32
32
32
32
32
32
32
32
32
32
32
32
32
32
32
32
32
32
32
32
32
32
32
32
32
32
32
32
32
32
32
32
32
32
32
32
32
32
32
32
32
32
32
32
32
32
32
32
32
32
32
32
32
32
32
32
32
32
32
32
32
32
32
32
32
32
32
32
32
32
32
32
32
32
32
32
32
32
32
32
32
32
32
32
32
32
32
32
33
33
33
32
33
33
33
33
33
33
32
33
33
33
33
32
32
32
32
33
Ping 7 at Thu Dec 05 09:35:30 PST 2013
235
149
354
440
444
764
208
638
957
308
163
128
345
120
418
484
769
820
729
825
424
179
72
82
91
49
86
71
49
45
38
35
35
32
46
36
34
34
33
33
33
34
33
33
33
33
33
33
33
33
33
33
33
33
33
33
33
33
33
33
33
33
33
33
33
33
33
33
32
33
33
33
32
33
32
32
32
32
32
32
33
32
33
32
33
33
33
32
33
33
33
33
32
33
33
32
33
33
33
33
33
33
32
32
33
32
32
32
32
32
32
32
32
32
32
32
32
32
32
32
32
32
32
32
32
33
32
33
32
32
32
32
32
32
32
32
32
32
32
32
32
32
32
32
32
32
32
32
32
32
32
32
32
32
32
32
32
32
32
32
32
32
32
32
32
32
32
32
32
32
32
32
32
32
32
32
32
32
32
32
32
32
32
32
32
32
32
32
32
32
32
32
32
32
32
32
32
32
32
32
32
32
32
32
32
32
32
32
32
32
32
32
32
32
32
32
32
32
32
32
32
32
32
32
32
32
32
32
32
32
32
32
32
32
32
32
32
32
32
32
32
32
32
32
32
32
32
32
32
32
32
32
32
32
32
32
32
32
32
32
32
32
32
32
32
32
32
32
32
32
32
32
32
32
32
32
32
32
32
32
32
32
32
32
32
32
32
32
32
32
32
32
32
32
32
32
31
32
32
32
32
32
32
32
32
32
32
32
32
32
32
32
32
32
32
32
32
32
32
32
32
32
32
32
32
32
32
32
32
32
32
32
32
32
32
32
32
32
32
32
32
32
32
32
32
32
32
32
32
32
32
32
32
32
32
32
32
32
32
32
32
32
32
32
32
32
32
32
32
32
32
32
32
32
32
32
32
32
32
32
32
32
32
32
32
32
32
32
32
32
32
32
32
32
32
32
32
32
32
32
32
32
32
32
32
32
32
32
32
32
32
32
32
32
32
32
32
32
32
32
32
32
32
Ping 8 at Thu Dec 05 09:35:33 PST 2013
1103
878
537
531
336
649
1271
1102
325
349
247
343
412
1282
1472
261
499
103
267
110
63
106
93
96
82
40
48
143
96
35
45
100
112
56
33
35
34
32
32
32
32
32
32
32
32
32
32
31
32
32
32
31
31
31
31
31
31
31
31
31
31
31
31
31
31
31
31
31
31
31
31
31
31
31
31
31
31
31
31
31
31
31
31
31
31
31
31
31
31
31
31
31
31
31
31
31
31
31
31
31
31
31
31
31
31
31
31
31
31
31
31
31
31
31
31
31
31
31
31
31
31
31
31
31
31
31
31
31
31
31
31
30
30
31
31
30
31
31
31
31
31
31
31
30
30
31
31
31
30
30
30
31
30
31
30
30
30
31
30
30
30
30
30
30
30
30
30
30
31
31
30
31
31
31
31
30
30
30
30
30
30
30
30
30
30
30
30
30
31
30
30
30
30
30
30
30
30
31
31
31
31
30
30
30
30
30
30
30
31
30
30
30
30
30
30
30
30
30
30
30
30
30
30
30
30
30
30
30
30
31
30
30
30
30
31
30
30
31
31
30
31
30
30
30
30
30
30
30
30
30
30
30
30
30
30
30
30
30
30
30
30
30
30
30
30
30
30
30
30
30
30
30
30
30
30
30
30
30
30
30
30
30
30
30
30
30
30
30
30
30
30
30
30
30
30
30
30
30
30
30
30
30
30
30
30
30
30
30
30
30
30
30
30
30
30
30
30
30
30
30
30
30
30
30
30
30
30
30
30
30
30
30
30
30
30
30
30
30
30
30
30
30
30
30
30
30
30
30
30
30
30
30
30
30
30
30
30
30
30
30
30
30
30
30
30
30
30
30
30
30
30
30
30
30
30
30
30
30
30
30
30
30
30
30
30
30
30
30
30
30
30
30
30
30
30
30
30
30
30
30
30
30
30
30
30
30
30
30
30
30
30
30
30
30
30
30
30
30
30
30
30
30
30
Ping 9 at Thu Dec 05 09:35:37 PST 2013
1041
329
116
595
869
476
415
252
365
387
1051
769
385
1091
1075
543
530
163
99
49
40
127
77
102
91
34
38
38
35
31
38
54
50
29
30
30
30
30
30
30
30
30
30
29
29
29
29
29
29
29
29
29
29
29
29
29
29
29
29
29
29
29
29
29
29
29
29
29
29
29
29
29
29
29
29
29
29
29
29
29
29
29
29
29
29
29
29
29
29
29
29
29
29
29
29
29
29
29
29
29
29
29
29
29
29
29
29
29
28
29
29
29
29
29
29
28
29
29
29
29
29
29
29
29
29
29
28
29
29
29
29
28
28
28
28
29
28
29
28
28
28
29
28
29
28
29
28
29
28
28
28
28
28
28
29
29
29
28
29
29
29
29
29
28
29
28
29
29
29
28
29
29
28
28
29
28
29
28
28
28
28
28
29
28
28
28
29
29
28
29
28
28
28
29
28
29
28
29
29
29
28
29
28
28
28
29
28
29
28
29
28
29
28
28
28
28
29
29
29
28
29
28
29
28
28
28
28
28
29
28
28
28
29
28
28
28
28
29
29
28
29
29
29
28
28
29
28
28
28
29
28
29
29
29
28
29
28
29
29
29
29
29
28
29
29
28
28
29
29
29
28
29
28
29
28
28
29
28
29
28
29
28
29
28
29
28
29
28
29
28
29
29
29
28
29
29
29
29
29
29
29
29
29
29
29
29
29
29
29
29
29
29
29
29
29
29
29
29
29
29
29
29
29
29
29
29
29
29
29
29
29
29
29
29
29
29
29
29
29
29
29
29
29
29
29
29
29
29
29
29
29
29
29
29
29
29
29
29
29
29
29
29
29
29
29
29
29
29
29
29
29
29
29
29
29
29
29
29
29
29
30
29
29
29
29
29
29
29
29
29
29
29
29
29
29
29
29
29
29
29
29
29
29
29
29
29
29
28
29
29
29
28
28
29
29
29
29
28
29
29
28
29
29
Ping 10 at Thu Dec 05 09:35:41 PST 2013
1611
1606
1247
373
862
279
122
293
500
308
273
526
587
117
303
52
369
205
42
36
36
131
128
40
32
37
30
29
29
30
31
29
38
40
31
27
28
28
27
27
27
27
27
27
27
27
27
27
27
27
27
27
27
27
27
27
27
27
27
27
27
27
27
27
27
27
27
27
27
27
27
27
27
27
27
27
27
27
27
27
27
27
27
27
27
27
27
27
27
27
27
27
27
27
27
27
27
27
27
27
27
27
27
27
27
27
27
27
27
27
27
27
27
27
27
27
27
27
27
27
27
27
27
27
27
27
27
27
27
27
27
26
26
27
27
27
27
27
27
27
26
27
27
27
27
27
27
27
27
27
27
27
27
27
27
27
26
27
27
27
27
27
27
27
27
27
27
27
26
27
27
26
27
27
27
27
27
27
27
27
27
27
27
27
27
27
27
27
27
27
27
27
26
27
27
27
27
26
27
27
27
27
27
27
26
27
27
27
27
27
27
27
27
27
27
27
26
26
26
27
26
26
27
27
27
26
27
27
27
27
27
27
26
26
27
26
26
26
26
27
27
26
27
26
27
27
26
27
27
26
26
27
26
27
26
27
26
26
27
26
27
27
27
27
27
27
27
27
27
27
27
27
27
27
26
26
26
26
27
26
26
26
26
26
27
26
27
26
26
27
26
26
27
27
27
26
27
26
27
27
26
26
27
27
26
27
27
27
27
27
26
26
27
26
26
27
26
27
27
27
27
26
27
27
26
27
26
27
26
27
27
26
27
27
27
27
27
26
27
26
27
26
26
27
26
26
26
26
26
26
26
26
26
26
27
26
26
26
26
26
26
26
26
26
26
26
26
27
27
27
26
26
26
26
26
26
26
26
26
26
26
26
26
26
27
27
26
26
26
26
26
26
26
26
26
26
27
26
26
26
26
26
27
26
26
26
27
26
26
26
27
26
27
26
26
27
27
27
27
26
27
27
27
