Ping 1 at Wed Nov 13 18:55:47 PST 2013
14
10
24
13
15
10
20
31
13
11
11
18
11
41
10
11
11
12
21
14
11
10
10
10
12
12
11
10
11
12
10
11
10
10
11
18
18
17
24
28
36
33
33
41
59
46
45
56
57
66
77
73
76
79
75
68
79
80
82
88
86
102
91
100
109
115
98
109
111
139
145
128
146
151
152
135
156
161
146
162
145
166
201
188
176
338
1181
1358
1594
1696
1766
1734
1814
1845
980
378
893
1466
1294
950
655
217
677
1175
1061
404
470
636
540
740
649
232
530
664
170
383
242
276
403
193
651
834
830
619
428
438
376
468
598
527
309
247
132
292
356
184
134
211
292
340
230
200
161
281
242
227
504
527
330
283
194
242
380
334
167
199
191
240
349
314
266
301
227
177
346
255
162
181
137
147
215
174
157
207
169
169
195
187
188
184
271
202
208
192
160
225
198
177
183
454
615
492
262
266
166
253
378
306
370
179
158
277
340
191
187
160
193
148
212
207
177
170
202
205
325
331
174
142
179
242
207
170
183
216
191
183
232
221
178
181
225
182
148
157
276
199
178
94
202
160
202
237
167
185
187
199
194
147
121
246
159
185
170
178
187
208
197
196
142
125
144
220
233
191
147
153
195
185
183
164
150
164
155
201
134
120
162
184
165
220
193
200
196
209
135
172
193
215
205
165
167
191
101
205
165
164
174
165
192
173
150
183
191
175
178
192
166
150
159
235
168
182
177
156
147
163
218
187
201
145
193
165
214
181
133
179
223
172
198
210
141
212
193
190
164
154
145
207
158
179
153
158
181
174
182
144
229
167
153
178
233
188
170
134
167
225
162
165
142
142
188
174
194
179
141
192
188
170
198
174
162
206
197
165
155
190
185
203
190
194
180
140
195
160
172
185
151
206
173
151
195
263
173
166
171
187
217
169
164
198
203
196
133
201
145
152
282
169
186
202
168
197
203
193
185
200
140
188
137
146
169
190
170
146
Ping 2 at Wed Nov 13 18:55:54 PST 2013
14
10
23
11
15
11
19
25
15
11
11
14
11
11
10
11
10
11
12
11
10
10
11
10
11
10
11
11
11
10
10
11
10
10
12
17
20
21
22
28
27
36
28
48
49
48
44
48
65
71
70
80
74
76
73
69
91
83
89
94
88
84
94
109
116
110
100
121
120
136
129
126
141
155
149
147
153
165
161
159
145
180
161
220
154
230
369
805
660
1625
1763
927
1726
1728
1093
536
1094
838
807
1005
484
681
1122
1083
626
864
813
1033
1059
884
816
1018
701
287
923
1006
561
339
417
322
337
554
478
536
657
446
185
306
333
314
395
194
144
178
239
203
263
204
229
373
230
171
157
288
421
148
181
169
207
190
161
218
145
177
239
205
199
187
153
237
219
211
154
135
181
175
247
190
180
189
140
172
134
190
159
154
221
173
192
135
216
172
259
167
203
188
238
268
404
346
224
302
176
423
415
269
321
367
258
174
260
195
117
204
237
201
250
277
166
206
323
268
255
161
153
177
161
158
200
244
201
218
226
251
204
167
223
253
265
174
246
239
126
230
272
218
236
131
189
186
195
230
147
177
171
152
182
150
160
237
184
204
153
156
195
180
138
216
204
126
187
116
210
195
195
167
198
203
157
187
187
160
199
151
165
171
182
159
154
259
182
212
182
150
173
179
196
188
160
118
200
202
141
133
120
168
198
137
126
171
178
131
190
145
198
195
196
143
138
214
174
183
215
187
145
117
265
181
203
135
180
187
197
194
121
172
184
201
187
273
162
245
174
192
183
173
179
176
189
172
156
165
148
210
196
192
243
179
217
182
220
182
162
156
201
212
174
216
153
138
154
173
199
217
152
172
159
207
187
151
186
184
195
185
149
180
126
162
194
191
175
138
180
185
158
186
149
126
140
125
163
237
149
175
191
169
229
143
195
169
163
209
176
181
119
172
210
201
197
235
211
187
196
164
179
205
189
219
152
125
169
162
192
Ping 3 at Wed Nov 13 18:56:07 PST 2013
13
10
24
13
14
11
22
23
12
11
11
15
11
11
10
11
11
11
11
11
10
10
10
10
13
12
10
11
10
10
10
10
10
10
12
20
22
18
22
27
31
29
32
39
57
42
48
57
61
61
72
75
78
94
71
73
89
91
79
86
87
94
97
107
95
104
106
111
126
146
137
135
141
135
151
144
164
187
171
166
154
181
170
206
193
743
1370
1627
1759
1732
1645
1366
1724
1773
1715
1642
1683
1686
1386
582
1159
1707
1546
971
734
429
620
472
714
577
357
696
1193
1431
1251
273
153
240
161
386
270
173
160
263
267
639
509
598
456
211
189
201
262
160
317
195
404
276
295
329
588
529
394
424
488
214
157
207
278
228
285
365
445
301
306
131
282
286
233
224
162
247
204
125
139
185
288
350
179
156
158
189
189
182
128
162
178
228
147
147
217
191
196
314
139
293
558
391
388
373
214
333
240
254
205
211
240
326
271
289
208
247
96
225
387
230
238
353
333
172
145
165
166
204
225
263
134
245
251
289
221
186
166
182
163
192
191
172
195
174
187
184
152
189
226
183
266
207
183
185
147
234
175
171
164
184
196
146
219
236
180
141
185
207
206
177
174
208
189
165
171
156
226
149
192
166
207
206
174
190
193
171
190
199
177
159
232
144
189
250
192
141
170
197
188
199
127
187
213
189
189
183
96
196
158
199
232
177
181
182
190
160
168
170
184
169
176
145
123
262
173
163
198
190
119
185
241
192
218
136
188
170
180
189
143
187
165
200
199
312
123
215
183
176
204
183
171
157
183
194
171
174
171
150
150
179
186
183
171
180
205
151
172
157
192
235
179
186
165
137
205
128
182
186
126
195
171
184
172
165
189
190
146
178
144
173
142
192
202
171
206
161
143
162
174
172
143
184
144
179
197
276
161
185
190
187
198
141
195
170
198
185
159
170
142
192
229
191
246
178
186
180
210
189
161
227
183
201
170
141
213
192
160
Ping 4 at Wed Nov 13 18:56:15 PST 2013
13
10
24
12
15
10
19
24
13
11
11
16
12
11
10
11
12
11
11
11
14
10
11
10
11
11
10
11
10
10
11
11
10
10
12
21
18
20
21
31
35
29
33
43
49
46
49
47
54
69
81
85
83
82
73
73
89
84
86
78
89
86
90
97
107
121
103
119
128
143
139
139
158
152
151
150
158
166
157
170
158
173
171
202
343
686
1446
1577
749
1712
1667
1234
1767
1815
1654
1692
1723
1739
1547
413
306
750
669
335
697
552
848
1240
817
393
800
1058
730
403
328
461
491
636
1060
662
491
783
825
510
143
179
405
753
537
415
198
171
158
358
341
177
290
302
187
273
249
266
187
170
237
220
255
370
312
345
455
418
255
277
338
244
245
302
307
286
184
238
223
219
195
292
381
252
171
139
281
177
141
199
151
185
321
476
457
329
188
287
254
237
365
408
540
613
623
404
189
275
200
482
388
136
319
494
611
535
353
405
264
216
224
277
353
270
180
174
118
244
254
234
203
218
183
275
329
232
198
162
259
199
236
175
210
196
234
175
194
200
98
192
244
180
238
153
171
217
266
249
215
222
173
157
184
144
161
228
241
248
151
146
180
187
197
207
94
140
196
192
234
184
157
174
199
215
191
191
164
96
166
153
161
129
136
146
173
226
140
172
179
203
153
192
138
196
244
163
149
206
99
220
153
203
191
150
187
184
176
201
210
184
164
212
173
169
177
248
151
199
180
180
171
188
243
185
189
145
183
166
185
152
129
148
191
212
159
169
146
221
187
184
182
165
159
198
207
206
186
173
172
175
198
182
253
153
182
181
209
170
183
163
178
249
135
222
180
124
197
103
196
177
127
151
110
211
157
196
189
119
192
191
159
164
154
193
178
177
147
132
158
207
181
191
141
186
173
140
183
207
162
179
193
188
215
159
160
157
166
172
175
170
144
195
229
173
209
176
196
190
226
167
202
191
206
180
154
169
186
163
166
Ping 5 at Wed Nov 13 18:56:23 PST 2013
13
10
23
12
15
11
25
27
16
11
11
13
15
11
11
14
18
11
16
15
11
11
11
10
13
12
10
11
10
10
10
10
11
10
12
18
20
22
25
27
29
32
33
42
54
45
46
51
56
63
76
77
73
77
72
74
79
89
71
76
89
91
84
93
95
120
110
112
119
130
136
122
140
151
148
139
154
173
167
169
140
183
190
284
470
1706
1496
1648
1818
1784
1127
1269
976
1720
1591
803
1235
1641
1189
977
1186
1054
557
300
437
205
450
445
570
568
799
850
994
925
407
285
412
295
180
117
253
179
165
166
209
183
264
366
190
238
272
393
354
226
182
192
321
616
909
640
464
188
177
239
247
191
230
197
196
260
376
342
259
233
427
402
161
192
218
237
271
200
279
321
486
434
277
183
213
296
505
300
138
160
182
292
283
370
190
153
387
703
531
459
241
468
612
351
227
214
520
472
542
207
211
258
589
536
573
249
323
353
158
307
423
209
268
207
197
224
180
149
205
150
184
193
121
138
193
245
195
200
173
205
160
174
211
260
196
192
165
174
172
160
236
185
255
205
166
153
155
265
155
149
207
193
198
133
173
258
222
225
240
161
189
181
175
201
224
169
142
196
303
203
203
147
204
194
155
233
217
186
151
145
278
174
165
178
208
231
186
211
164
245
184
198
181
172
218
154
201
163
117
202
116
166
174
162
184
181
222
198
176
171
177
182
175
168
116
196
162
178
176
168
137
180
243
196
161
135
222
168
187
164
128
111
153
207
190
298
161
216
181
212
218
167
150
198
190
197
162
158
194
167
172
191
188
171
198
180
221
163
210
160
180
171
162
204
134
147
190
165
179
188
140
191
166
178
204
177
139
186
175
183
154
175
148
143
158
172
148
148
198
174
195
160
155
197
156
152
198
213
160
190
222
164
202
177
153
179
195
188
162
187
136
184
236
205
179
176
176
187
193
193
184
171
195
191
183
163
180
147
185
