Ping 1 at Wed Nov 13 18:59:01 PST 2013
11
9
21
10
11
20
16
13
28
20
15
40
21
37
38
20
10
10
11
20
37
15
11
13
22
16
10
10
10
12
13
12
11
13
19
23
18
20
26
33
39
30
32
42
55
43
53
50
64
70
75
81
77
82
68
75
90
80
83
79
91
94
94
93
120
145
110
115
113
132
140
131
146
144
146
150
159
164
168
535
1557
1783
1363
1696
1613
1800
1874
957
1613
1663
1811
1712
1515
1350
914
890
1290
1384
975
759
1046
991
995
415
208
374
391
458
432
331
180
172
176
164
265
415
165
123
449
731
873
612
350
192
189
331
410
290
281
255
124
333
490
655
811
771
519
162
559
528
219
270
685
919
643
485
455
282
177
445
392
290
158
138
248
294
248
202
343
441
365
196
203
180
300
489
697
683
351
251
245
476
438
212
274
424
505
977
1241
831
197
295
408
230
453
422
316
242
200
186
312
316
249
208
352
459
392
490
247
225
470
607
625
457
384
157
227
221
293
106
170
218
239
202
186
268
237
238
214
252
198
291
304
252
160
151
234
220
219
244
305
247
132
190
244
203
252
149
184
190
197
239
222
169
219
164
129
144
159
214
138
299
236
216
232
222
259
177
191
167
137
175
262
169
174
231
187
205
151
208
190
176
193
163
190
155
137
163
189
197
209
169
161
244
149
218
179
162
184
117
167
205
165
197
160
218
187
204
211
132
193
151
183
201
211
202
181
150
159
221
152
174
204
179
146
184
238
202
198
129
174
168
182
191
157
165
181
176
195
281
129
262
176
186
207
162
176
161
181
190
156
154
186
147
183
194
235
158
171
182
208
166
201
158
194
212
142
206
169
145
204
149
186
170
170
188
187
164
202
175
159
215
174
196
135
181
154
163
192
199
211
190
181
168
184
203
163
203
187
138
179
217
191
205
171
163
141
153
181
167
168
174
174
195
135
173
219
162
156
218
203
163
199
190
196
205
178
203
140
127
187
173
173
Ping 2 at Wed Nov 13 18:59:06 PST 2013
11
9
21
10
12
22
20
13
14
34
52
34
18
14
17
14
13
10
14
11
12
11
10
11
11
16
17
10
10
11
10
12
10
10
16
22
25
20
27
31
32
34
34
45
56
45
46
49
61
66
69
84
75
78
80
77
85
84
82
77
89
100
85
109
98
110
120
102
123
143
142
120
136
148
169
147
163
175
169
176
535
1696
1777
1807
1860
1873
1878
1662
1752
1681
1437
1271
1678
1494
1378
782
1375
889
419
299
1179
1632
1253
519
594
641
563
197
405
539
550
337
332
331
380
406
517
651
635
445
370
431
259
283
262
308
346
272
178
255
265
239
258
392
335
195
394
620
808
589
686
648
488
621
644
328
211
137
255
240
324
232
184
144
167
180
225
259
407
265
171
212
162
193
304
285
243
369
277
285
446
980
902
518
259
320
272
434
611
360
384
827
700
228
210
301
256
330
433
618
607
337
356
435
387
462
390
242
619
742
579
539
498
442
338
121
170
185
202
260
186
216
276
450
414
222
278
173
231
430
289
242
163
194
199
242
207
287
233
176
162
192
98
122
241
189
205
167
191
174
186
191
193
223
208
180
194
155
183
219
186
196
192
189
211
196
224
185
253
252
283
204
260
181
187
221
189
212
189
177
203
194
181
173
182
140
203
168
193
228
182
189
215
232
86
185
235
183
233
142
199
159
174
182
136
150
192
179
172
178
171
139
202
180
192
195
176
142
147
230
157
195
215
199
133
175
256
175
198
145
198
187
172
208
179
204
185
175
188
263
201
229
196
217
189
143
239
185
228
185
178
157
228
180
160
162
254
172
215
186
204
178
208
129
181
224
125
201
182
139
213
168
200
198
159
193
197
192
173
202
153
203
189
168
161
174
126
170
226
166
144
159
180
189
192
200
188
197
194
165
182
255
192
182
158
185
203
171
156
185
194
156
157
177
141
168
221
154
178
225
205
190
160
180
178
199
177
184
165
124
202
186
182
Ping 3 at Wed Nov 13 18:59:13 PST 2013
11
9
21
15
15
48
37
46
78
21
14
11
13
10
10
10
11
15
12
16
15
11
10
10
11
12
12
11
10
10
10
10
10
11
11
22
18
18
21
30
32
35
36
36
59
45
51
49
56
71
75
75
85
72
83
68
100
94
78
85
88
101
94
94
104
110
107
123
123
129
137
151
126
156
170
142
160
176
180
159
156
167
196
339
1154
1760
1820
1668
1781
1809
1217
1796
1861
1876
1736
1800
1732
1335
416
213
253
732
829
533
779
906
687
386
279
491
622
520
165
122
172
250
130
285
310
127
247
128
328
385
284
220
195
298
466
512
428
428
347
259
251
245
193
206
354
481
647
508
324
86
242
178
189
185
168
207
308
374
405
207
154
327
547
466
383
198
189
215
270
200
219
197
191
232
181
202
202
170
203
302
246
294
299
243
298
652
459
324
537
420
479
185
352
211
289
506
544
443
247
300
429
593
345
271
430
437
233
183
126
187
242
163
205
153
232
225
134
197
176
190
214
224
167
167
207
205
203
163
153
251
167
188
194
136
222
193
176
172
106
172
233
183
238
176
211
209
200
174
121
195
201
220
210
162
146
294
172
204
188
198
172
182
187
188
220
218
178
171
270
126
159
190
199
196
178
210
191
176
222
163
193
151
171
178
198
237
179
177
223
205
184
170
183
166
155
172
192
184
159
193
168
165
196
155
216
147
172
157
199
178
186
216
191
161
150
256
154
180
212
180
126
166
254
184
181
146
182
187
178
182
123
217
169
203
196
250
162
222
195
137
216
147
194
201
204
196
181
157
182
198
181
186
214
179
190
160
184
185
168
183
171
225
170
208
194
148
204
164
178
140
179
201
169
146
199
174
192
208
175
176
165
172
162
180
179
197
182
151
166
183
170
165
150
205
170
155
166
240
170
189
189
185
221
165
172
202
209
186
155
177
150
177
230
195
202
200
214
198
174
147
184
214
167
228
157
134
144
164
151
Ping 4 at Wed Nov 13 18:59:17 PST 2013
10
9
21
11
22
43
26
11
12
20
15
12
10
10
11
11
10
10
10
10
10
10
10
10
13
10
10
10
10
11
10
10
10
10
11
22
17
19
23
30
31
23
32
37
50
47
50
50
62
75
66
77
86
90
75
77
88
87
80
77
93
100
88
113
109
110
90
120
118
131
141
123
152
149
154
155
165
176
152
167
159
158
176
191
274
824
849
1694
1794
1852
1835
1075
1621
1700
987
1162
1732
1661
1152
1639
985
570
1225
1066
477
667
1243
590
549
315
175
684
1085
590
593
691
408
517
592
336
244
371
288
202
567
472
239
397
251
250
551
754
497
204
286
203
277
307
270
247
208
207
250
308
266
265
158
180
129
218
401
295
320
321
421
408
237
180
143
280
227
162
125
229
274
234
151
213
202
189
202
194
157
166
180
245
432
701
500
367
644
601
375
316
485
544
456
299
225
190
300
337
325
241
336
346
250
175
320
270
213
304
181
180
225
132
189
180
342
361
297
218
251
254
160
223
415
316
263
213
224
181
164
132
167
215
254
201
210
182
199
223
184
179
206
180
215
174
185
107
193
147
152
191
202
198
218
130
192
207
194
206
194
167
135
197
184
234
219
142
223
213
206
179
131
178
200
209
173
197
190
187
183
166
179
155
195
158
189
244
184
177
187
190
134
194
189
198
256
204
219
198
134
194
156
151
215
149
160
177
225
195
199
125
164
152
183
176
175
245
143
157
214
245
144
191
234
174
220
172
200
201
181
201
137
185
155
189
206
237
151
256
163
218
191
198
160
143
212
175
156
167
170
159
149
145
209
125
183
194
200
200
198
175
188
227
167
175
175
146
202
162
171
206
181
196
170
178
199
210
179
216
188
189
160
195
166
189
203
142
184
171
198
184
191
195
151
173
184
136
171
264
173
168
166
191
230
190
177
192
181
192
177
180
157
182
262
198
176
132
212
185
225
189
212
171
166
200
172
146
199
181
212
Ping 5 at Wed Nov 13 18:59:21 PST 2013
11
9
23
10
10
11
28
17
13
13
10
10
13
11
12
11
11
11
11
10
10
11
15
18
22
10
12
14
10
10
10
10
10
10
11
16
19
19
15
31
30
32
36
41
57
40
43
50
55
63
65
72
78
87
73
78
91
87
79
78
101
92
98
111
102
116
101
124
126
137
118
126
146
150
161
126
156
154
152
161
151
182
166
186
153
221
336
526
865
598
951
733
595
1728
1759
1636
719
1310
703
1712
1704
1730
1683
1340
579
1264
1077
803
1167
1430
1217
308
617
1335
1610
1212
536
332
672
1188
1429
1186
817
703
656
398
390
336
378
375
367
501
185
372
279
357
647
594
309
313
334
186
269
216
377
191
535
245
244
310
219
197
213
197
283
210
210
186
213
235
154
170
149
143
156
157
146
213
208
172
203
169
182
197
160
174
196
177
215
140
300
187
177
198
155
121
277
381
178
172
371
391
213
196
236
299
198
193
264
406
275
168
122
154
432
321
177
196
226
208
180
215
268
286
168
182
190
258
352
338
225
189
186
180
179
166
216
246
285
182
183
222
148
200
230
230
221
174
205
172
210
211
163
170
159
179
204
143
169
262
170
215
203
199
190
188
191
209
208
157
186
190
281
167
193
169
220
216
111
206
191
203
147
172
165
178
186
182
193
247
199
195
170
209
164
192
137
193
210
149
198
152
112
185
137
187
209
172
209
167
215
154
190
195
177
161
202
143
200
226
151
184
197
176
160
209
244
173
219
160
196
189
199
210
144
171
146
170
173
276
133
238
190
164
195
193
182
194
154
215
190
197
158
190
196
197
232
143
202
186
213
188
177
184
189
199
172
209
170
151
209
151
191
173
155
204
182
208
182
176
158
193
168
161
150
177
160
164
173
193
188
168
202
168
186
186
123
133
173
169
174
253
157
183
201
189
183
178
143
203
159
160
188
196
148
169
244
180
208
133
181
183
209
185
174
220
191
208
177
169
165
206
198
Ping 6 at Wed Nov 13 18:59:26 PST 2013
11
9
21
11
17
21
14
15
23
23
21
15
10
10
10
10
10
10
11
11
10
10
11
14
21
31
11
11
33
38
16
15
19
20
21
23
18
22
24
28
33
33
38
44
52
41
50
51
68
73
73
80
76
82
70
67
94
85
78
88
90
110
79
100
108
109
98
117
114
139
141
126
141
147
153
142
152
159
194
175
150
179
164
180
166
193
196
155
175
166
788
1545
1827
1859
1850
1829
1862
1313
1683
1688
1690
1076
1134
1639
1278
905
1122
596
787
595
457
1153
1191
658
409
471
370
235
417
991
642
682
879
720
140
408
471
643
622
561
413
160
223
256
185
215
157
196
352
165
172
459
375
233
340
304
271
436
262
192
481
306
203
124
423
465
387
214
167
383
433
450
446
373
325
305
180
340
373
238
244
229
187
130
221
274
216
341
385
203
275
323
241
187
371
357
291
278
233
364
384
226
257
153
269
407
551
395
335
415
324
272
169
184
322
232
193
120
180
218
385
336
145
163
191
200
209
160
307
317
204
336
349
176
183
156
205
203
162
189
216
219
156
285
296
189
237
223
157
164
185
196
159
155
189
192
211
133
189
249
182
229
184
192
118
217
218
197
167
173
195
159
264
181
178
179
216
167
164
233
161
177
199
143
196
146
165
172
218
253
177
190
179
234
155
174
199
172
211
191
190
199
140
174
143
151
172
173
201
172
150
178
200
145
187
186
198
179
163
251
172
153
170
171
166
188
247
150
190
171
188
177
194
167
147
174
167
198
187
194
175
249
154
210
211
152
139
166
209
204
172
159
192
152
184
197
232
149
209
184
194
190
164
178
182
149
169
197
164
144
189
150
178
206
158
197
192
198
167
210
145
165
205
178
178
178
148
177
188
179
198
159
182
180
194
196
141
174
191
146
174
284
169
128
173
208
241
173
186
193
204
186
173
159
104
187
227
194
189
187
186
192
182
170
187
187
189
190
104
141
157
168
204
Ping 7 at Wed Nov 13 18:59:30 PST 2013
11
9
21
12
18
24
17
11
11
17
12
11
11
10
10
11
10
10
10
10
10
10
11
12
12
11
12
10
10
11
10
11
10
10
13
23
20
20
24
32
37
30
30
68
75
69
62
50
61
65
75
75
78
83
77
73
100
87
85
79
98
98
76
98
105
113
99
124
129
131
148
143
144
148
150
149
150
171
168
160
146
167
156
195
176
165
180
170
167
162
161
168
173
179
934
1771
1863
1889
1554
1761
1820
1728
1814
1706
1651
1794
1821
1639
1051
509
1308
1203
577
252
827
1429
826
446
660
475
421
1304
1274
783
464
333
186
346
306
927
372
316
201
273
412
325
485
481
315
383
333
346
535
497
266
182
231
308
242
175
215
253
337
383
289
222
146
168
156
242
292
254
212
167
283
278
353
166
198
181
138
258
311
241
146
163
315
360
238
209
327
321
370
217
172
203
291
288
152
170
143
197
295
255
277
216
363
458
514
507
590
857
807
381
440
444
288
168
346
247
246
169
202
165
266
211
265
473
453
280
196
147
213
334
389
344
240
175
221
229
200
233
195
273
366
268
236
229
138
221
223
236
169
194
188
192
208
178
229
325
173
183
169
232
197
204
167
219
198
157
186
190
295
199
177
229
167
197
182
192
174
192
237
248
213
163
191
172
165
254
228
153
202
194
157
176
201
188
220
167
146
194
113
220
146
171
206
151
171
178
195
208
191
179
148
216
183
134
187
185
174
180
197
172
120
187
250
177
216
133
176
172
186
175
137
169
173
182
167
247
170
276
194
217
192
164
183
181
197
211
185
159
206
182
195
185
210
155
198
144
201
124
212
172
188
208
147
223
163
152
213
182
147
163
149
179
197
172
171
187
157
140
204
166
136
152
177
174
193
147
181
185
181
175
206
142
124
167
209
162
173
224
177
175
186
186
202
159
180
172
185
197
173
190
138
183
242
176
222
213
212
157
172
189
208
197
185
169
175
168
163
215
211
Ping 8 at Wed Nov 13 18:59:44 PST 2013
12
9
21
11
19
28
13
11
11
16
13
17
11
10
10
10
11
10
10
11
10
10
10
11
12
11
10
10
10
10
10
11
10
10
12
20
21
21
24
27
35
32
37
45
58
46
55
47
64
73
87
77
93
73
76
71
82
82
92
67
90
95
84
114
103
105
106
120
117
141
140
131
128
157
155
148
159
166
180
170
153
175
180
179
179
186
194
168
161
141
170
207
193
190
186
121
184
105
725
1569
1350
1860
1872
1864
1777
978
1749
1483
1670
1688
1660
1624
628
1505
1780
1722
1488
1759
1717
1055
815
537
437
815
776
865
676
534
421
616
590
479
269
175
397
565
482
187
377
349
329
284
185
177
243
193
266
303
277
181
172
211
193
234
228
231
186
197
161
282
297
276
194
302
162
224
217
300
167
170
190
186
274
239
201
173
272
394
259
119
184
214
297
326
120
271
206
153
218
165
285
250
218
205
175
211
205
168
175
234
147
195
166
197
224
178
212
186
294
182
308
313
266
610
716
523
366
277
184
321
299
461
611
440
335
410
494
561
250
259
238
346
321
353
262
174
310
236
196
168
226
192
198
231
171
184
188
189
98
247
213
192
184
155
186
196
200
208
285
219
217
155
247
156
210
197
180
208
150
194
207
140
210
146
179
154
135
193
177
225
205
237
180
197
169
167
208
163
207
164
185
219
136
185
151
232
226
235
151
167
206
197
188
173
178
162
209
116
154
249
138
166
186
194
129
137
247
183
161
160
212
167
186
205
108
192
184
204
156
274
180
214
205
139
187
124
213
203
188
188
161
180
188
202
164
202
198
180
208
147
216
179
201
139
194
193
169
199
152
154
182
144
196
175
172
142
188
158
214
208
157
200
210
192
173
177
135
216
195
200
203
151
188
204
193
155
144
187
164
116
137
240
163
191
167
209
224
168
150
159
162
194
185
197
157
204
240
188
204
225
192
192
175
197
191
230
186
213
154
149
173
160
182
Ping 9 at Wed Nov 13 19:00:04 PST 2013
12
9
21
12
19
27
53
53
14
11
14
19
49
43
12
11
11
13
19
28
21
11
11
10
13
13
11
19
15
11
11
11
10
13
21
29
28
21
29
38
30
38
35
40
56
47
51
48
58
71
77
96
90
83
87
68
102
85
113
105
98
103
90
125
122
112
112
105
131
134
129
123
144
147
146
153
172
167
188
220
167
181
182
176
171
155
220
160
176
157
183
173
187
163
181
114
170
170
155
150
189
161
213
180
289
1592
1836
1869
1841
1734
1863
1882
1636
1693
1823
1856
1681
1735
1855
1867
1254
1802
1643
1547
1776
1590
1513
1527
698
1704
1704
1338
1058
817
471
723
390
1343
1331
538
579
900
1441
1335
840
488
189
182
224
376
463
535
642
752
462
288
232
267
211
348
261
251
340
172
194
250
235
281
189
158
234
189
142
159
186
211
226
240
297
125
194
193
256
158
180
311
279
107
152
184
174
177
154
201
157
203
222
207
198
183
155
184
148
169
225
180
225
144
203
171
149
199
285
256
258
163
164
189
226
476
345
176
263
271
674
761
436
360
355
640
453
496
1057
1152
569
173
504
522
284
291
436
503
757
673
235
172
199
180
258
208
255
383
250
293
287
299
196
226
154
169
179
304
303
144
252
220
218
212
263
251
244
178
227
189
179
148
186
179
204
276
200
147
191
221
167
211
189
180
219
169
182
212
125
196
148
165
222
153
162
193
158
158
187
176
196
180
215
154
178
269
149
197
187
190
166
186
250
183
222
144
187
183
171
177
136
205
196
150
171
300
158
211
189
186
176
169
165
191
182
182
174
206
171
187
183
176
240
194
176
170
233
182
192
192
177
201
178
178
148
149
169
118
203
194
176
186
169
196
195
174
152
201
185
204
171
183
144
186
192
182
182
171
177
202
170
206
162
124
161
155
171
233
177
195
201
193
202
169
200
188
163
187
149
189
130
210
217
208
207
179
201
188
227
198
169
226
165
171
162
144
183
192
179
